0 [0.02, 1.03] [0.0, 1.03] [0.0, 1.27]
1 [0.05, 1.05] [0.02, 1.06] [0.13, 1.48]
2 [0.08, 1.07] [0.05, 1.08] [0.26, 1.64]
3 [0.11, 1.09] [0.08, 1.09] [0.4, 1.77]
4 [0.14, 1.1] [0.11, 1.1] [0.54, 1.88]
5 [0.17, 1.11] [0.14, 1.11] [0.68, 1.98]
6 [0.2, 1.12] [0.17, 1.12] [0.82, 2.07]
7 [0.23, 1.13] [0.2, 1.13] [0.96, 2.15]
8 [0.26, 1.14] [0.23, 1.14] [1.1, 2.22]
9 [0.29, 1.15] [0.26, 1.15] [1.24, 2.28]
10 [0.32, 1.16] [0.3, 1.16] [1.38, 2.34]
11 [0.35, 1.17] [0.34, 1.17] [1.52, 2.4]
12 [0.38, 1.18] [0.38, 1.18] [1.66, 2.45]
13 [0.41, 1.19] [0.42, 1.19] [1.8, 2.5]
14 [0.44, 1.2] [0.46, 1.2] [1.93, 2.55]
15 [0.47, 1.21] [0.5, 1.21] [2.06, 2.59]
16 [0.5, 1.22] [0.54, 1.22] [2.19, 2.63]
17 [0.53, 1.23] [0.58, 1.23] [2.32, 2.67]
18 [0.56, 1.23] [0.62, 1.24] [2.45, 2.71]
19 [0.59, 1.23] [0.66, 1.25] [2.57, 2.75]
20 [0.62, 1.23] [0.7, 1.26] [2.69, 2.78]
21 [0.65, 1.23] [0.74, 1.27] [2.81, 2.81]
22 [0.68, 1.23] [0.78, 1.28] [2.92, 2.84]
23 [0.71, 1.23] [0.82, 1.29] [3.03, 2.87]
24 [0.74, 1.24] [0.86, 1.3] [3.15, 2.9]
25 [0.77, 1.25] [0.91, 1.31] [3.27, 2.93]
26 [0.8, 1.26] [0.96, 1.32] [3.39, 2.96]
27 [0.84, 1.27] [1.01, 1.33] [3.52, 2.99]
28 [0.88, 1.28] [1.06, 1.34] [3.65, 3.03]
29 [0.93, 1.29] [1.12, 1.35] [3.79, 3.07]
30 [0.99, 1.3] [1.18, 1.36] [3.94, 3.11]
31 [1.06, 1.31] [1.25, 1.38] [4.11, 3.16]
32 [1.15, 1.33] [1.33, 1.4] [4.29, 3.22]
33 [1.27, 1.36] [1.42, 1.43] [4.48, 3.29]
34 [1.42, 1.4] [1.53, 1.47] [4.68, 3.37]
35 [1.63, 1.46] [1.67, 1.52] [4.9, 3.46]
36 [1.93, 1.56] [1.86, 1.6] [5.13, 3.57]
37 [2.35, 1.73] [2.12, 1.73] [5.38, 3.7]
38 [2.89, 2.04] [2.49, 1.96] [5.66, 3.88]
39 [3.48, 2.56] [2.94, 2.36] [5.93, 4.15]
40 [4.02, 3.26] [3.39, 2.94] [6.1, 4.54]
41 [4.48, 4.05] [3.79, 3.63] [6.1, 4.99]
42 [4.87, 4.86] [4.16, 4.36] [6.02, 5.45]
43 [5.22, 5.61] [4.53, 5.08] [5.94, 5.88]
44 [5.52, 6.18] [4.9, 5.74] [5.9, 6.25]
45 [5.71, 6.54] [5.21, 6.3] [5.94, 6.56]
46 [5.84, 6.77] [5.4, 6.68] [6.0, 6.83]
47 [5.94, 6.95] [5.53, 6.93] [6.05, 7.06]
48 [6.03, 7.09] [5.64, 7.12] [6.1, 7.27]
49 [6.11, 7.22] [5.74, 7.27] [6.15, 7.47]
50 [6.19, 7.34] [5.84, 7.41] [6.2, 7.65]
51 [6.26, 7.45] [5.93, 7.53] [6.25, 7.82]
52 [6.33, 7.55] [6.02, 7.65] [6.29, 7.99]
53 [6.4, 7.65] [6.1, 7.76] [6.34, 8.15]
54 [6.47, 7.75] [6.18, 7.87] [6.38, 8.3]
55 [6.53, 7.84] [6.26, 7.97] [6.43, 8.45]
56 [6.59, 7.93] [6.33, 8.07] [6.47, 8.59]
57 [6.65, 8.02] [6.4, 8.17] [6.51, 8.73]
58 [6.71, 8.1] [6.47, 8.26] [6.55, 8.87]
59 [6.77, 8.18] [6.54, 8.35] [6.59, 9.0]
60 [6.83, 8.26] [6.61, 8.44] [6.63, 9.13]
61 [6.88, 8.34] [6.67, 8.53] [6.67, 9.26]
62 [6.93, 8.42] [6.73, 8.62] [6.71, 9.39]
63 [6.98, 8.5] [6.79, 8.71] [6.74, 9.51]
64 [7.03, 8.58] [6.85, 8.79] [6.78, 9.63]
65 [7.07, 8.66] [6.9, 8.87] [6.81, 9.75]
66 [7.11, 8.74] [6.95, 8.95] [6.85, 9.87]
67 [7.15, 8.81] [7.0, 9.03] [6.88, 9.99]
