0 0.0  0.5
1 0.0  1.0
2 0.5  1.0
3 0.5  1.5
4 1.0  1.5
5 1.5  1.5
6 2.0  1.5
7 2.5  1.5
8 2.5  2.0
9 2.5  2.5
10 2.5  3.0
11 2.5  3.5
12 2.5  4.0
13 2.0  4.0
14 2.0  4.5
15 2.0  5.0
16 2.0  5.5
17 2.0  6.0
18 2.0  6.5
19 2.0  7.0
20 1.5  7.0
21 1.0  7.0
22 1.5  7.0
23 1.0  7.0
24 1.5  7.0
25 1.5  6.5
26 1.5  6.0
27 1.5  6.5
28 1.5  6.0
29 2.0  6.0
30 1.5  6.0
31 2.0  6.0
32 2.0  6.0
33 2.0  5.5
34 2.0  5.0
35 2.0  5.5
36 2.0  5.0
37 2.0  5.0
38 2.0  5.0
39 2.0  5.0
40 2.0  5.0
41 2.0  5.0
42 2.0  5.0
43 2.0  5.0
44 2.0  5.0
45 2.0  5.0
46 2.0  5.0
47 2.0  5.5
48 2.5  5.5
49 3.0  5.5
50 3.5  5.5
51 3.5  6.0
52 4.0  6.0
53 4.5  6.0
54 5.0  6.0
55 5.5  6.0
56 5.5  6.5
57 6.0  6.5
58 6.5  6.5
59 6.5  7.0
60 7.0  7.0
61 7.0  7.5
62 7.5  7.5
63 7.5  8.0
64 8.0  8.0
65 8.0  8.5
66 8.5  8.5
67 9.0  8.5
68 9.0  9.0
