0 0.0  0.5
1 0.0  1.0
2 0.0  1.5
3 0.0  2.0
4 0.0  2.5
5 0.0  3.0
6 0.0  3.5
7 0.0  4.0
8 0.0  4.5
9 0.0  5.0
10 0.0  5.5
11 0.0  6.0
12 0.5  6.0
13 1.0  6.0
14 1.5  6.0
15 2.0  6.0
16 2.5  6.0
17 3.0  6.0
18 3.0  6.5
19 3.5  6.5
20 3.5  6.0
21 3.5  6.5
22 3.5  7.0
23 3.5  6.5
24 3.5  7.0
25 3.5  6.5
26 3.5  7.0
27 3.5  6.5
28 3.5  7.0
29 3.5  6.5
30 3.5  6.5
31 4.0  6.5
32 4.0  6.0
33 4.0  6.5
34 4.0  6.0
35 4.0  6.0
36 4.0  6.0
37 4.0  6.0
38 4.5  6.0
39 4.5  5.5
40 4.5  5.0
41 5.0  5.0
42 5.0  4.5
43 5.5  4.5
44 6.0  4.5
45 6.5  4.5
46 7.0  4.5
47 7.0  4.0
48 7.5  4.0
49 8.0  4.0
50 8.5  4.0
51 8.5  3.5
52 9.0  3.5
53 9.5  3.5
54 9.5  3.5
55 9.5  3.5
56 9.5  3.5
57 9.5  4.0
58 9.5  4.5
59 9.5  5.0
60 9.5  5.5
61 9.5  6.0
62 9.5  6.5
63 9.5  7.0
64 9.5  7.5
65 9.5  8.0
66 9.5  8.5
67 9.0  8.5
68 9.0  9.0
