0 0.0  0.5
1 0.0  1.0
2 0.0  1.5
3 0.0  2.0
4 0.0  2.5
5 0.0  3.0
6 0.0  3.5
7 0.0  4.0
8 0.0  4.5
9 0.0  5.0
10 0.0  5.5
11 0.5  5.5
12 1.0  5.5
13 1.5  5.5
14 2.0  5.5
15 2.0  6.0
16 2.5  6.0
17 3.0  6.0
18 3.0  6.5
19 3.5  6.5
20 3.5  6.5
21 4.0  6.5
22 4.0  6.5
23 4.0  6.5
24 4.0  6.5
25 4.5  6.5
26 5.0  6.5
27 5.0  6.0
28 5.5  6.0
29 6.0  6.0
30 6.5  6.0
31 6.5  5.5
32 6.5  5.0
33 7.0  5.0
34 7.0  4.5
35 7.5  4.5
36 7.5  4.0
37 8.0  4.0
38 8.0  3.5
39 8.5  3.5
40 8.5  3.0
41 9.0  3.0
42 9.5  3.0
43 9.0  3.0
44 9.5  3.0
45 9.0  3.0
46 9.0  3.5
47 9.0  4.0
48 9.0  4.5
49 9.0  5.0
50 9.0  5.5
51 9.0  6.0
52 9.0  6.5
53 9.0  7.0
54 9.0  7.5
55 9.0  8.0
56 9.0  8.5
57 9.0  9.0
