0 0.0  1.0
1 0.0  2.0
2 0.0  3.0
3 0.0  4.0
4 0.0  5.0
5 0.0  6.0
6 0.0  7.0
7 1.0  7.0
8 1.0  8.0
9 0.0  8.0
10 0.0  8.0
11 1.0  8.0
12 0.0  8.0
13 1.0  8.0
14 1.0  9.0
15 1.0  8.0
16 1.0  9.0
17 1.0  8.0
18 1.0  9.0
19 1.0  8.0
20 1.0  9.0
21 1.0  8.0
22 1.0  7.0
23 2.0  7.0
24 3.0  7.0
25 4.0  7.0
26 5.0  7.0
27 5.0  6.0
28 5.0  5.0
29 6.0  5.0
30 6.0  4.0
31 6.0  3.0
32 7.0  3.0
33 7.0  2.0
34 7.0  2.0
35 7.0  2.0
36 7.0  2.0
37 7.0  2.0
38 7.0  2.0
39 7.0  2.0
40 7.0  2.0
41 7.0  2.0
42 7.0  2.0
43 6.0  2.0
44 5.0  2.0
45 4.0  2.0
46 3.0  2.0
