0 0.0  0.5
1 0.0  1.0
2 0.0  1.5
3 0.0  2.0
4 0.0  2.5
5 0.0  3.0
6 0.0  3.5
7 0.0  4.0
8 0.0  4.5
9 0.0  5.0
10 0.0  5.0
11 0.5  5.0
12 1.0  5.0
13 1.5  5.0
14 2.0  5.0
15 2.5  5.0
16 3.0  5.0
17 3.5  5.0
18 4.0  5.0
19 4.5  5.0
20 5.0  5.0
21 5.5  5.0
22 6.0  5.0
23 6.5  5.0
24 7.0  5.0
25 7.0  4.5
26 7.5  4.5
27 8.0  4.5
28 8.0  4.0
29 8.0  3.5
30 8.5  3.5
31 9.0  3.5
32 9.5  3.5
33 9.5  3.0
34 9.5  3.0
35 9.5  3.0
36 9.0  3.0
37 9.5  3.0
38 9.0  3.0
39 9.0  3.5
40 8.5  3.5
41 8.0  3.5
42 7.5  3.5
43 7.5  4.0
44 7.5  4.5
45 7.0  4.5
46 7.0  5.0
47 7.0  5.5
48 6.5  5.5
49 6.5  6.0
50 6.5  6.5
51 6.0  6.5
52 5.5  6.5
53 5.5  7.0
54 5.0  7.0
55 4.5  7.0
56 4.0  7.0
57 4.0  6.5
58 3.5  6.5
59 3.0  6.5
60 3.0  6.0
61 2.5  6.0
62 2.5  5.5
63 2.0  5.5
64 2.0  5.0
