0 0.0  1.0
1 0.0  2.0
2 1.0  2.0
3 1.0  3.0
4 1.0  4.0
5 1.0  5.0
6 1.0  6.0
7 1.0  7.0
8 1.0  8.0
9 1.0  8.0
10 1.0  8.0
11 1.0  8.0
12 1.0  8.0
13 1.0  8.0
14 1.0  8.0
15 1.0  8.0
16 1.0  8.0
17 1.0  7.0
18 2.0  7.0
19 2.0  6.0
20 3.0  6.0
21 4.0  6.0
22 4.0  5.0
23 4.0  4.0
24 5.0  4.0
25 5.0  3.0
26 6.0  3.0
27 6.0  2.0
28 7.0  2.0
29 7.0  2.0
30 7.0  2.0
31 7.0  2.0
32 7.0  2.0
33 7.0  2.0
34 7.0  2.0
35 7.0  2.0
36 7.0  2.0
37 7.0  2.0
38 6.0  2.0
39 7.0  2.0
40 6.0  2.0
41 7.0  2.0
42 6.0  2.0
43 7.0  2.0
44 6.0  2.0
45 7.0  2.0
46 6.0  2.0
47 7.0  2.0
48 6.0  2.0
49 7.0  2.0
50 6.0  2.0
51 7.0  2.0
52 6.0  2.0
53 7.0  2.0
54 6.0  2.0
55 7.0  2.0
56 7.0  2.0
57 7.0  2.0
58 7.0  2.0
59 7.0  2.0
60 7.0  2.0
61 7.0  2.0
62 7.0  2.0
63 7.0  2.0
64 7.0  2.0
65 7.0  2.0
66 7.0  2.0
67 7.0  2.0
68 7.0  2.0