0 0.0  0.1
1 0.0  0.2
2 0.0  0.3
3 0.0  0.4
4 0.0  0.5
5 0.0  0.6
6 0.0  0.7
7 0.0  0.8
8 0.0  0.9
9 0.0  1.0
10 0.0  1.1
11 0.0  1.2
12 0.0  1.3
13 0.0  1.4
14 0.0  1.5
15 0.0  1.6
16 0.0  1.7
17 0.0  1.8
18 0.0  1.9
19 0.0  2.0
20 0.0  2.0
21 0.0  2.1
22 0.0  2.1
23 0.0  2.2
24 0.0  2.2
25 0.0  2.3
26 0.0  2.3
27 0.0  2.3
28 0.0  2.4
29 0.0  2.5
30 0.0  2.6
31 0.0  2.6
32 0.0  2.6
33 0.0  2.6
34 0.0  2.6
35 0.0  2.7
36 0.0  2.8
37 0.0  2.9
38 0.0  3.0
39 0.0  3.1
40 0.0  3.2
41 0.0  3.3
42 0.0  3.4
43 0.0  3.5
44 0.0  3.6
45 0.0  3.7
46 0.0  3.8
47 0.0  3.9
48 0.0  4.0
49 0.0  4.1
50 0.0  4.1
51 0.0  4.2
52 0.0  4.3
53 0.0  4.3
54 0.0  4.3
55 0.0  4.3
56 0.0  4.4
57 0.0  4.4
58 0.0  4.5
59 0.0  4.6
60 0.0  4.7
61 0.0  4.8
62 0.0  4.9
63 0.0  5.0
64 0.0  5.1
65 0.0  5.2
66 0.0  5.3
67 0.0  5.4
68 0.0  5.5
69 0.0  5.6
70 0.0  5.7
71 0.0  5.8
72 0.0  5.9
73 0.0  6.0
