0 [0.01, 0.0] [0.98, 0.0] [0.98, 0.0]
1 [0.01, 0.0] [0.61, 0.05] [0.49, 0.0]
2 [0.01, 0.0] [0.15, 0.05] [0.04, 0.0]
3 [0.01, 0.13] [0.01, 0.05] [0.04, 0.0]
4 [0.24, 0.13] [0.01, 0.34] [0.04, 0.25]
5 [0.67, 0.13] [0.05, 0.57] [0.06, 0.46]
6 [0.93, 0.13] [0.05, 0.86] [0.05, 0.71]
7 [1.12, 0.13] [0.02, 1.18] [0.02, 0.99]
8 [1.28, 0.13] [0.02, 1.51] [0.02, 1.29]
9 [1.44, 0.13] [0.02, 1.84] [0.02, 1.59]
10 [1.61, 0.13] [0.02, 2.17] [0.02, 1.9]
11 [1.8, 0.13] [0.02, 2.5] [0.0, 2.2]
12 [2.02, 0.13] [0.02, 2.83] [0.0, 2.5]
13 [2.27, 0.13] [0.02, 3.16] [0.02, 2.79]
14 [2.54, 0.13] [0.02, 3.49] [0.05, 3.07]
15 [2.82, 0.13] [0.02, 3.82] [0.08, 3.35]
16 [3.11, 0.13] [0.02, 4.15] [0.12, 3.63]
17 [3.45, 0.13] [0.0, 4.47] [0.17, 3.9]
18 [3.82, 0.13] [-0.0, 4.79] [0.22, 4.16]
19 [4.22, 0.13] [0.01, 5.1] [0.28, 4.41]
20 [4.62, 0.13] [0.02, 5.42] [0.33, 4.66]
21 [5.01, 0.13] [0.02, 5.75] [0.37, 4.92]
22 [5.34, 0.13] [0.02, 6.1] [0.38, 5.19]
23 [5.58, 0.13] [0.02, 6.48] [0.34, 5.49]
24 [5.69, 0.13] [0.02, 6.85] [0.22, 5.81]
25 [5.67, 0.13] [0.02, 7.18] [-0.0, 6.12]
26 [5.55, 0.13] [0.02, 7.42] [-0.0, 6.4]
27 [5.45, 0.13] [0.02, 7.68] [-0.0, 6.69]
28 [5.38, 0.13] [0.02, 7.96] [-0.0, 7.0]
29 [5.34, 0.13] [0.02, 8.27] [-0.0, 7.32]
30 [5.32, 0.13] [0.02, 8.59] [-0.0, 7.64]
31 [5.32, 0.13] [0.02, 8.93] [-0.0, 7.96]
32 [5.34, 0.13] [0.02, 9.27] [-0.0, 8.28]
33 [5.39, 0.13] [0.02, 9.62] [-0.0, 8.6]
34 [5.46, 0.13] [0.02, 9.98] [-0.0, 8.91]
35 [5.56, 0.13] [0.02, 9.98] [-0.0, 9.22]
36 [5.85, 0.13] [0.02, 9.98] [0.03, 9.48]
37 [6.29, 0.13] [0.06, 9.98] [0.1, 9.68]
38 [6.86, 0.13] [0.15, 9.98] [0.19, 9.83]
39 [7.54, 0.13] [0.27, 9.98] [0.29, 9.93]
40 [8.32, 0.13] [0.4, 9.98] [0.38, 9.93]
41 [9.16, 0.13] [0.52, 9.98] [0.46, 9.97]
42 [9.16, 0.13] [0.63, 9.98] [0.52, 9.99]
43 [9.16, 0.13] [0.73, 9.98] [0.58, 9.99]
44 [9.16, 0.13] [0.83, 9.98] [0.63, 9.99]
45 [9.16, 0.13] [0.92, 9.98] [0.68, 9.99]
46 [9.16, 0.13] [1.01, 9.98] [0.73, 9.99]
47 [9.16, 0.13] [1.09, 9.98] [0.78, 9.99]
48 [9.16, 0.13] [1.17, 9.98] [0.82, 9.99]
49 [9.16, 0.13] [1.25, 9.98] [0.86, 9.99]
50 [9.16, 0.13] [1.32, 9.98] [0.9, 9.99]
51 [9.16, 0.13] [1.39, 9.98] [0.94, 9.99]
52 [9.16, -0.0] [1.46, 9.98] [0.98, 9.99]
53 [9.16, -0.0] [1.52, 9.98] [1.01, 9.99]
54 [9.16, -0.0] [1.58, 9.98] [1.04, 9.99]
55 [9.16, -0.0] [1.64, 9.98] [1.07, 9.99]
56 [9.16, -0.0] [1.7, 9.99] [1.1, 9.99]
57 [9.16, -0.0] [1.76, 9.99] [1.13, 9.99]
58 [9.16, -0.0] [1.82, 9.99] [1.16, 9.99]
59 [9.16, -0.0] [1.87, 9.99] [1.19, 9.99]
60 [9.16, -0.0] [1.92, 9.99] [1.22, 9.99]
61 [9.16, -0.0] [1.97, 9.99] [1.25, 9.99]
62 [9.16, -0.0] [2.02, 9.99] [1.28, 9.99]
63 [9.16, -0.0] [2.07, 9.99] [1.31, 9.99]
64 [9.16, -0.0] [2.12, 9.99] [1.33, 9.99]
65 [9.16, -0.0] [2.17, 9.99] [1.35, 9.99]
66 [9.16, -0.0] [2.22, 9.99] [1.37, 9.99]
67 [9.16, -0.0] [2.27, 9.99] [1.39, 9.99]
68 [9.16, -0.0] [2.32, 9.99] [1.41, 9.99]
69 [9.16, -0.0] [2.36, 9.99] [1.43, 9.99]
70 [9.16, -0.0] [2.4, 9.99] [1.45, 9.99]
71 [9.16, -0.0] [2.44, 9.99] [1.47, 9.99]
72 [9.16, -0.0] [2.48, 9.99] [1.49, 9.99]
73 [9.16, -0.0] [2.52, 9.99] [1.51, 9.99]
74 [9.16, -0.0] [2.56, 9.99] [1.53, 9.99]
75 [9.16, -0.0] [2.6, 9.99] [1.55, 9.99]
76 [9.16, -0.0] [2.64, 9.99] [1.57, 9.99]
77 [9.16, -0.0] [2.68, 9.99] [1.59, 9.99]
78 [9.16, -0.0] [2.72, 9.99] [1.61, 9.99]
79 [9.16, -0.0] [2.76, 9.99] [1.63, 9.99]
80 [9.16, -0.0] [2.8, 9.99] [1.65, 9.99]
81 [9.16, -0.0] [2.84, 9.99] [1.67, 9.99]
82 [9.16, -0.0] [2.88, 9.99] [1.69, 9.99]
83 [9.16, -0.0] [2.92, 9.99] [1.71, 9.99]
84 [9.16, -0.0] [2.96, 9.99] [1.73, 9.99]
