0 0.0  0.5
1 0.0  1.0
2 0.0  1.5
3 0.0  2.0
4 0.0  2.5
5 0.0  3.0
6 0.0  3.5
7 0.0  4.0
8 0.5  4.0
9 0.5  4.5
10 0.0  4.5
11 0.5  4.5
12 1.0  4.5
13 0.5  4.5
14 1.0  4.5
15 1.0  5.0
16 0.5  5.0
17 0.0  5.0
18 0.0  4.5
19 0.5  4.5
20 1.0  4.5
21 1.5  4.5
22 2.0  4.5
23 2.0  5.0
24 2.5  5.0
25 3.0  5.0
26 3.5  5.0
27 4.0  5.0
28 4.5  5.0
29 5.0  5.0
30 5.0  4.5
31 5.5  4.5
32 6.0  4.5
33 6.5  4.5
34 7.0  4.5
35 7.5  4.5
36 8.0  4.5
37 8.5  4.5
38 9.0  4.5
39 9.5  4.5
40 9.5  4.0
41 9.5  4.0
42 9.5  4.0
43 9.5  4.0
44 9.5  3.5
45 9.5  3.5
46 9.5  3.5
47 9.5  3.5
48 9.5  3.5
49 9.5  3.5
50 9.5  3.5
51 9.5  3.5
52 9.5  3.5
53 9.5  3.5
54 9.5  3.5
55 9.5  3.5
56 9.5  3.5
57 9.5  3.5
58 9.5  4.0
59 9.5  4.5
60 9.0  4.5
61 8.5  4.5
62 8.5  5.0
63 8.0  5.0
64 8.0  5.5
65 7.5  5.5
66 7.0  5.5
67 6.5  5.5
68 6.5  6.0
69 6.0  6.0
70 5.5  6.0
71 5.5  6.5
72 5.0  6.5
73 5.0  7.0
74 5.0  7.5
75 4.5  7.5
76 4.5  7.0
77 4.5  7.5
78 4.0  7.5
79 4.0  7.0
80 4.0  7.5
81 4.0  7.0
82 3.5  7.0
83 3.0  7.0
84 2.5  7.0
85 2.0  7.0
86 2.0  6.5
87 1.5  6.5
88 1.5  6.0
89 1.5  5.5
90 1.5  5.0
91 2.0  5.0
92 2.0  4.5
93 2.5  4.5
94 2.5  4.0
95 2.5  3.5
96 2.5  3.0
97 2.5  2.5
98 2.5  2.0
99 3.0  2.0
