0 [0.72, 0.7] [0.98, 0.19] [1.0, 0.02]
1 [1.15, 1.6] [1.46, 1.06] [2.0, 0.03]
2 [0.86, 2.56] [1.25, 2.04] [3.0, 0.03]
3 [0.91, 3.56] [0.57, 2.78] [4.0, 0.03]
4 [1.07, 4.55] [0.57, 3.29] [5.0, 0.03]
5 [1.33, 5.52] [0.57, 3.94] [6.0, 0.03]
6 [2.12, 6.14] [0.34, 4.91] [7.0, 0.03]
7 [2.83, 6.84] [0.34, 5.84] [8.0, 0.03]
8 [3.52, 7.57] [0.13, 6.82] [9.0, 0.03]
9 [4.28, 8.21] [0.42, 7.78] [9.0, 0.03]
10 [4.99, 8.91] [1.32, 8.21] [9.0, 0.03]
11 [4.6, 9.83] [2.31, 8.33] [9.0, 0.03]
12 [5.57, 9.83] [3.3, 8.35] [9.0, 0.03]
13 [5.12, 8.94] [4.03, 8.37] [9.0, 0.03]
14 [5.38, 7.97] [4.21, 8.37] [9.99, 0.03]
15 [5.47, 6.97] [4.28, 8.37] [9.99, 0.03]
16 [4.56, 6.56] [4.29, 8.37] [9.99, 0.03]
17 [3.69, 7.06] [4.29, 8.37] [9.99, 0.03]
18 [2.75, 7.41] [4.29, 8.37] [9.99, 0.03]
19 [1.91, 7.95] [4.29, 8.37] [9.99, 0.03]
20 [2.51, 8.75] [4.29, 8.37] [9.99, 0.03]
21 [1.66, 9.28] [4.29, 8.37] [9.99, 0.03]
22 [2.65, 9.45] [4.29, 8.37] [9.99, 0.03]
23 [1.67, 9.25] [4.29, 8.37] [9.99, 0.03]
24 [2.58, 9.67] [4.29, 8.37] [9.99, 0.03]
25 [1.58, 9.68] [4.29, 8.37] [9.99, 0.03]
26 [2.58, 9.78] [4.29, 8.37] [9.99, 0.03]
27 [1.59, 9.91] [4.29, 8.37] [9.99, 0.03]
28 [2.59, 9.96] [4.29, 8.37] [9.99, 0.03]
29 [1.64, 9.96] [4.29, 8.37] [9.99, 0.03]
30 [2.64, 9.96] [4.29, 8.37] [9.99, 0.03]
31 [1.66, 9.96] [4.29, 8.37] [9.99, 0.03]
32 [2.66, 9.96] [4.3, 8.37] [9.99, 0.03]
33 [1.68, 9.96] [4.3, 8.37] [9.99, 0.03]
34 [2.68, 9.96] [4.31, 8.37] [9.99, 0.03]
35 [1.7, 9.96] [4.31, 8.37] [9.99, 0.03]
36 [2.7, 9.96] [4.32, 8.37] [9.99, 0.03]
37 [1.72, 9.96] [4.32, 8.37] [9.99, 0.03]
38 [2.72, 9.96] [4.33, 8.37] [9.99, 0.03]
39 [1.74, 9.96] [4.33, 8.37] [9.99, 0.03]
40 [2.74, 9.96] [4.34, 8.37] [9.99, 0.03]
41 [1.76, 9.96] [4.34, 8.37] [9.99, 0.03]
42 [2.76, 9.96] [4.35, 8.37] [9.99, 0.03]
43 [1.78, 9.96] [4.35, 8.37] [9.99, 0.03]
44 [2.78, 9.96] [4.36, 8.37] [9.99, 0.03]
45 [1.8, 9.96] [4.36, 8.37] [9.99, 0.03]
46 [2.8, 9.96] [4.37, 8.37] [9.99, 0.03]
47 [1.82, 9.96] [4.37, 8.37] [9.99, 0.03]
48 [2.82, 9.96] [4.38, 8.37] [9.99, 0.03]
49 [1.84, 9.96] [4.38, 8.37] [9.99, 0.03]
50 [2.84, 9.96] [4.39, 8.37] [9.99, 0.03]
51 [1.86, 9.96] [4.39, 8.37] [9.99, 0.03]
52 [2.86, 9.96] [4.4, 8.37] [9.99, 0.03]
53 [1.88, 9.96] [4.4, 8.37] [9.99, 0.03]
54 [2.88, 9.96] [4.41, 8.37] [9.99, 0.03]
55 [1.9, 9.96] [4.41, 8.37] [9.99, 0.03]
56 [2.9, 9.96] [4.42, 8.37] [9.99, 0.03]
57 [1.92, 9.96] [4.42, 8.37] [9.99, 0.03]
58 [2.92, 9.96] [4.43, 8.37] [9.99, 0.03]
59 [1.94, 9.96] [4.43, 8.37] [9.99, 0.03]
60 [2.94, 9.96] [4.44, 8.37] [9.99, 0.03]
61 [1.96, 9.96] [4.44, 8.37] [9.99, 0.03]
62 [2.96, 9.96] [4.45, 8.37] [9.99, 0.03]
63 [1.98, 9.96] [4.45, 8.37] [9.99, 0.03]
64 [2.98, 9.96] [4.46, 8.37] [9.99, 0.03]
65 [2.0, 9.96] [4.46, 8.37] [9.99, 0.03]
66 [3.0, 9.96] [4.47, 8.37] [9.99, 0.03]
67 [2.02, 9.96] [4.47, 8.37] [9.99, 0.03]
68 [3.02, 9.96] [4.48, 8.37] [9.99, 0.03]
69 [2.04, 9.96] [4.48, 8.37] [9.99, 0.03]
70 [3.04, 9.96] [4.49, 8.37] [9.99, 0.03]
71 [2.06, 9.96] [4.49, 8.37] [9.99, 0.03]
72 [3.06, 9.96] [4.5, 8.37] [9.99, 0.03]
73 [2.08, 9.96] [4.5, 8.37] [9.99, 0.03]
74 [3.08, 9.96] [4.51, 8.37] [9.99, 0.03]
75 [2.1, 9.96] [4.51, 8.37] [9.99, 0.03]
76 [3.1, 9.96] [4.52, 8.37] [9.99, 0.03]
77 [2.12, 9.96] [4.52, 8.37] [9.99, 0.03]
78 [3.12, 9.96] [4.54, 8.37] [9.99, 0.03]
79 [2.13, 9.96] [4.54, 8.37] [9.99, 0.03]
80 [3.13, 9.96] [4.56, 8.37] [9.99, 0.03]
81 [2.15, 9.96] [4.56, 8.37] [9.99, 0.03]
82 [3.15, 9.96] [4.58, 8.37] [9.99, 0.03]
83 [2.17, 9.96] [4.58, 8.37] [9.99, 0.03]
84 [3.17, 9.96] [4.6, 8.37] [9.99, 0.03]
85 [2.19, 9.96] [4.6, 8.37] [9.99, 0.03]
86 [3.19, 9.96] [4.62, 8.37] [9.99, 0.03]
87 [2.21, 9.96] [4.62, 8.37] [9.99, 0.03]
88 [3.21, 9.96] [4.64, 8.37] [9.99, 0.03]
89 [2.23, 9.96] [4.64, 8.37] [9.99, 0.03]
90 [3.23, 9.96] [4.66, 8.37] [9.99, 0.03]
91 [2.25, 9.96] [4.66, 8.37] [9.99, 0.03]
92 [3.25, 9.96] [4.68, 8.37] [9.99, 0.03]
93 [2.26, 9.96] [4.68, 8.37] [9.99, 0.03]
94 [3.26, 9.96] [4.7, 8.37] [9.99, 0.03]
95 [2.28, 9.96] [4.7, 8.37] [9.99, 0.03]
96 [3.28, 9.96] [4.73, 8.37] [9.99, 0.03]
97 [2.3, 9.96] [4.73, 8.37] [9.99, 0.03]
98 [3.3, 9.96] [4.76, 8.37] [9.99, 0.03]
99 [2.32, 9.96] [4.76, 8.37] [9.99, 0.03]
100 [3.32, 9.96] [4.79, 8.37] [9.99, 0.03]
101 [2.34, 9.96] [4.79, 8.37] [9.99, 0.03]
102 [3.34, 9.96] [4.82, 8.37] [9.99, 0.03]
103 [2.36, 9.96] [4.82, 8.37] [9.99, 0.03]
104 [3.36, 9.96] [4.85, 8.37] [9.99, 0.03]
105 [2.38, 9.96] [4.85, 8.37] [9.99, 0.03]
106 [3.38, 9.96] [4.88, 8.37] [9.99, 0.03]
107 [2.4, 9.96] [4.88, 8.37] [9.99, 0.03]
108 [3.4, 9.96] [4.91, 8.37] [9.99, 0.03]
109 [2.41, 9.96] [4.92, 8.37] [9.99, 0.03]
110 [3.41, 9.96] [4.95, 8.37] [9.99, 0.03]
111 [2.43, 9.96] [4.96, 8.37] [9.99, 0.03]
112 [3.43, 9.96] [5.0, 8.37] [9.99, 0.03]
113 [2.45, 9.96] [5.01, 8.37] [9.99, 0.03]
114 [3.45, 9.96] [5.05, 8.37] [9.99, 0.03]
115 [2.47, 9.96] [5.06, 8.37] [9.99, 0.03]
116 [3.47, 9.96] [5.1, 8.37] [9.99, 0.03]
117 [2.49, 9.96] [5.11, 8.37] [9.99, 0.03]
118 [3.49, 9.96] [5.15, 8.37] [9.99, 0.03]
119 [2.51, 9.96] [5.16, 8.37] [9.99, 0.03]
120 [3.51, 9.96] [5.2, 8.37] [9.99, 0.03]
121 [2.53, 9.96] [5.21, 8.37] [9.99, 0.03]
122 [3.53, 9.96] [5.25, 8.37] [9.99, 0.03]
123 [2.55, 9.96] [5.26, 8.37] [9.99, 0.03]
124 [3.55, 9.96] [5.3, 8.37] [9.99, 0.03]
125 [2.57, 9.96] [5.31, 8.37] [9.99, 0.03]
126 [3.57, 9.96] [5.35, 8.37] [9.99, 0.03]
127 [2.59, 9.96] [5.36, 8.37] [9.99, 0.03]
128 [3.59, 9.96] [5.41, 8.37] [9.99, 0.03]
129 [2.61, 9.96] [5.42, 8.37] [9.99, 0.03]
130 [3.61, 9.96] [5.47, 8.37] [9.99, 0.03]
131 [2.63, 9.96] [5.48, 8.37] [9.99, 0.03]
132 [3.63, 9.96] [5.53, 8.37] [9.99, 0.03]
133 [2.65, 9.96] [5.54, 8.37] [9.99, 0.03]
134 [3.65, 9.96] [5.59, 8.37] [9.99, 0.03]
135 [2.67, 9.96] [5.6, 8.37] [9.99, 0.03]
