0 0  0
1 0  0
2 0  0
3 0  0
4 0  0
5 0  0
6 0  0
7 0  0
8 0  0
9 0  0
10 0  0
11 0  0
12 0  0
13 0  0
14 0  0
15 0  0
16 0  0
17 0  0
18 0  0
19 0  0
20 0  0
21 0  0
22 0  0
23 0  0
24 0  0
25 0  0
26 0  0
27 0  0
28 0  0
29 0  0
30 0  0
31 0  0
32 0  0
33 0  0
34 0  0
35 0  0
36 0  0
37 0  0
38 0  0
39 0  0
40 0  0
41 0  0
42 0  0
43 0  0
44 0  0
45 0  0
46 0  0
47 0  0
48 0  0
49 0  0
50 0  0
51 0  0
52 0  0
53 0  0
54 0  0
55 0  0
56 0  0
57 0  0
58 0  0
59 0  0
60 0  0
61 0  0
62 0  0
63 0  0
64 0  0
65 0  0
66 0  0
67 0  0
68 0  0
69 0  0
70 0  0
71 0  0
72 0  0
73 0  0
74 0  0
75 0  0
76 0  0
77 0  0
78 0  0
79 0.0  0.5
80 0.0  0.5
81 0.0  0.5
82 0.0  0.5
83 0.0  0.5
84 0.0  0.5
85 0.0  0.5
86 0.0  0.5
87 0.0  0.5
88 0.0  0.5
89 0.0  0.5
90 0.0  0.5
91 0.0  0.5
92 0.0  0.5
93 0.0  0.5
94 0.0  0.5
95 0.0  0.5
96 0.0  1.0
97 0.0  1.0
98 0.0  1.0
99 0.0  1.0
100 0.0  1.0
101 0.0  1.0
102 0.0  1.0
103 0.0  1.0
104 0.0  1.0
105 0.0  1.0
106 0.0  1.0
107 0.0  1.0
108 0.0  1.0
109 0.0  1.5
110 0.0  1.5
111 0.0  2.0
112 0.0  2.0
113 0.0  2.0
114 0.0  2.0
115 0.0  2.0
116 0.0  2.0
117 0.0  2.0
118 0.0  2.5
119 0.0  2.5
120 0.0  2.5
121 0.0  2.5
122 0.0  2.5
123 0.0  2.5
124 0.0  2.5
125 0.0  2.5
126 0.0  2.5
127 0.0  2.5
128 0.0  2.5
129 0.0  2.5
130 0.0  3.0
131 0.0  3.0
132 0.0  3.0
133 0.0  3.0
134 0.0  3.0
135 0.0  3.5
136 0.0  3.5
137 0.0  3.5
138 0.0  3.5
139 0.0  4.0
140 0.0  4.0
141 0.0  4.0
142 0.0  4.0
143 0.0  4.0
144 0.0  4.5
145 0.0  4.5
146 0.0  5.0
147 0.0  5.5
148 0.0  6.0
149 0.5  6.0
150 1.0  6.0
151 1.5  6.0
152 2.0  6.0
153 2.5  6.0
154 3.0  6.0
155 3.5  6.0
156 4.0  6.0
157 4.5  6.0
158 5.0  6.0
159 5.5  6.0
160 6.0  6.0
161 6.5  6.0
162 6.5  5.5
163 6.5  6.0
164 6.5  5.5
165 6.5  6.0
166 6.5  5.5
167 7.0  5.5
168 7.0  5.0
169 7.5  5.0
170 7.5  4.5
171 8.0  4.5
172 8.0  4.0
173 8.0  4.5
174 8.0  4.0
175 8.0  3.5
176 8.0  4.0
177 8.0  3.5
178 8.0  4.0
179 8.0  3.5
180 8.0  4.0
181 8.0  3.5
182 8.0  3.0
183 8.0  2.5
184 8.0  3.0
185 8.0  2.5
186 8.0  2.0
187 8.0  2.5
188 8.0  2.0
189 8.0  2.5
190 8.0  2.0
191 8.0  2.5
192 8.0  2.0
193 8.0  1.5
194 8.0  2.0
195 8.0  1.5
196 8.0  1.0
197 8.0  1.5
198 8.0  1.0
199 8.0  1.5
200 8.0  1.0
201 8.0  0.5
202 8.0  0.0
203 8.0  0.0
204 8.0  0.0
205 8.0  0.0
206 8.0  0.0
207 8.0  0.0
208 8.0  0.0
209 8.0  0.0
210 8.0  0.0
211 8.0  0.0
212 8.0  0.0
213 8.0  0.0
214 8.0  0.0
215 8.0  0.0
216 8.0  0.0
217 8.0  0.0
218 8.0  0.0
219 8.0  0.0
220 8.0  0.0
221 8.0  0.0
222 8.0  0.0
223 8.0  0.0
224 8.0  0.0
225 8.0  0.0
226 8.0  0.0
227 8.0  0.0
228 8.0  0.0
229 8.0  0.0
230 8.0  0.0
231 8.0  0.0
232 8.0  0.0
233 8.0  0.0
234 8.0  0.0
235 8.0  0.0
236 8.0  0.0
237 8.0  0.0
238 8.0  0.0
239 8.0  0.0
240 8.0  0.0
241 8.0  0.0
242 8.0  0.0
243 8.0  0.0
244 8.0  0.0
245 8.0  0.0
246 8.0  0.0
247 8.0  0.0
248 8.0  0.0
249 8.0  0.0
250 8.0  0.0
251 8.0  0.0
252 8.0  0.0
253 8.0  0.0
254 8.0  0.0
255 8.0  0.0
256 8.0  0.0
257 8.0  0.0
258 8.0  0.0
259 8.0  0.0
260 8.0  0.0
261 7.5  0.0
262 7.0  0.0
263 6.5  0.0
264 6.0  0.0
265 5.5  0.0
266 5.0  0.0
267 4.5  0.0
268 4.5  0.5
269 4.5  1.0
270 4.5  1.5
271 4.5  2.0
272 4.5  2.5
273 4.5  3.0
274 4.5  3.5
275 4.5  4.0
276 4.5  4.5
277 4.5  5.0
278 4.0  5.0
279 3.5  5.0
280 3.5  5.5
281 3.5  6.0
282 3.0  6.0
283 3.0  6.5
284 3.0  7.0
285 2.5  7.0
286 2.5  7.5
287 2.0  7.5
288 1.5  7.5
289 1.0  7.5
290 1.5  7.5
291 1.0  7.5
292 1.5  7.5
293 1.0  7.5
294 1.5  7.5
295 1.0  7.5
296 1.5  7.5
297 1.5  8.0
298 1.0  8.0
299 0.5  8.0
300 1.0  8.0
301 0.5  8.0
302 1.0  8.0
303 0.5  8.0
304 1.0  8.0
305 0.5  8.0
306 1.0  8.0
307 0.5  8.0
308 1.0  8.0
309 0.5  8.0
310 1.0  8.0
311 0.5  8.0
312 1.0  8.0
313 1.0  8.5
314 0.5  8.5
315 0.0  8.5
316 0.5  8.5
317 0.0  8.5
318 0.5  8.5
319 0.0  8.5
320 0.5  8.5
321 0.0  8.5
322 0.5  8.5
323 0.0  8.5
324 0.5  8.5
325 0.0  8.5
326 0.5  8.5
327 0.0  8.5
328 0.0  8.5
329 0.0  9.0
330 0.0  9.0
331 0.0  9.0
332 0.0  9.0
333 0.0  9.0
334 0.0  9.0
335 0.0  9.0
336 0.0  9.0
337 0.0  9.0
338 0.0  9.0
339 0.0  9.0
340 0.0  9.0
341 0.0  9.0
342 0.0  9.0
343 0.0  9.0
344 0.0  9.0
345 0.0  9.0
346 0.0  9.0
347 0.0  9.0
348 0.0  9.0
349 0.0  9.0
350 0.0  9.0
351 0.0  9.0
352 0.0  9.5
353 0.0  9.5
354 0.0  9.5
355 0.0  9.5
356 0.0  9.5
357 0.0  9.5
358 0.0  9.5
359 0.0  9.5
360 0.0  9.5
361 0.0  9.5
362 0.0  9.5
363 0.0  9.5
364 0.0  9.5
365 0.0  9.5
366 0.0  9.5
367 0.0  9.5
368 0.0  9.5
369 0.0  9.5
370 0.0  9.5
371 0.0  9.5
372 0.0  9.5
373 0.0  9.5
374 0.0  9.5
375 0.0  9.5
376 0.0  9.5
377 0.0  9.5
378 0.0  9.5
379 0.0  9.5
380 0.0  9.5
381 0.0  9.5
382 0.0  9.5
383 0.0  9.5
384 0.0  9.5
385 0.0  9.5
386 0.0  9.5
387 0.0  9.5
388 0.0  9.5
389 0.0  9.5
390 0.0  9.5
391 0.0  9.5
392 0.0  9.5
393 0.0  9.5
394 0.0  9.5
395 0.0  9.5
396 0.0  9.5
397 0.0  9.5
398 0.0  9.5
399 0.0  9.5
400 0.0  9.5
401 0.0  9.5
402 0.0  9.5
403 0.0  9.5
404 0.0  9.5
405 0.0  9.5
406 0.0  9.5
407 0.0  9.5
408 0.0  9.5
409 0.0  9.5
410 0.0  9.5
411 0.0  9.5
412 0.0  9.5
413 0.0  9.5
414 0.0  9.5
415 0.0  9.5
416 0.0  9.5
417 0.0  9.5
418 0.0  9.5
419 0.0  9.5
420 0.0  9.5
421 0.0  9.5
422 0.0  9.5
423 0.0  9.5
424 0.0  9.5
425 0.0  9.5
426 0.0  9.5
427 0.0  9.5
428 0.0  9.5
429 0.0  9.5
430 0.0  9.5
431 0.0  9.5
432 0.0  9.5
433 0.0  9.5
434 0.0  9.5
435 0.0  9.5
436 0.0  9.5
437 0.0  9.5
438 0.0  9.5
439 0.0  9.5
440 0.0  9.5
441 0.0  9.5
442 0.0  9.5
443 0.0  9.5
444 0.0  9.5
445 0.0  9.5
446 0.0  9.5
447 0.0  9.5
448 0.0  9.5
449 0.0  9.5
450 0.0  9.5
451 0.0  9.5
452 0.0  9.5
453 0.0  9.5
454 0.0  9.5
455 0.0  9.5
456 0.0  9.5
457 0.0  9.5
458 0.0  9.5
459 0.0  9.5
460 0.0  9.5
461 0.0  9.5
462 0.0  9.5
463 0.0  9.5
464 0.0  9.5
465 0.0  9.5
466 0.0  9.5
467 0.0  9.5
468 0.0  9.5
469 0.0  9.5
470 0.0  9.5
471 0.0  9.5
472 0.0  9.5
473 0.0  9.5
474 0.0  9.5
475 0.0  9.5
476 0.0  9.5
477 0.0  9.5
478 0.0  9.5
479 0.0  9.5
480 0.0  9.5
481 0.0  9.5
482 0.0  9.5
483 0.0  9.5
484 0.0  9.5
485 0.0  9.5
486 0.0  9.5
487 0.0  9.5
488 0.0  9.5
489 0.0  9.5
490 0.0  9.5
491 0.0  9.5
492 0.0  9.5
493 0.0  9.5
494 0.0  9.5
495 0.0  9.5
496 0.0  9.5
497 0.0  9.5
498 0.0  9.5
499 0.0  9.5
