0 0.0  0.5
1 0.5  0.5
2 0.5  1.0
3 1.0  1.0
4 1.0  1.5
5 1.0  2.0
6 1.0  2.5
7 1.0  3.0
8 1.0  3.5
9 1.0  4.0
10 1.0  4.5
11 1.0  5.0
12 1.5  5.0
13 1.5  5.5
14 2.0  5.5
15 2.0  6.0
16 2.5  6.0
17 2.5  6.5
18 2.5  6.0
19 2.5  6.5
20 2.5  6.0
21 2.5  6.5
22 2.5  6.0
23 2.5  6.5
24 2.0  6.5
25 2.0  7.0
26 2.0  6.5
27 2.0  7.0
28 2.0  6.5
29 1.5  6.5
30 1.0  6.5
31 1.0  6.0
32 1.0  6.5
33 1.5  6.5
34 1.0  6.5
35 1.5  6.5
36 1.5  6.0
37 1.5  6.5
38 1.5  6.0
39 1.5  6.5
40 2.0  6.5
41 2.0  6.0
42 2.0  6.5
43 2.0  6.0
44 2.5  6.0
45 2.5  6.0
46 2.5  6.0
47 2.5  6.0
48 2.5  6.0
49 2.5  6.0
50 2.5  6.0
51 2.5  6.0
52 2.5  6.0
53 2.5  6.0
54 2.5  6.0
55 3.0  6.0
56 2.5  6.0
57 3.0  6.0
58 3.5  6.0
59 4.0  6.0
60 4.5  6.0
61 4.5  6.5
62 5.0  6.5
63 5.5  6.5
64 6.0  6.5
65 6.5  6.5
66 6.5  7.0
67 7.0  7.0
68 7.0  7.5
69 7.5  7.5
70 8.0  7.5
71 8.0  8.0
72 8.5  8.0
73 8.5  8.5
74 8.5  9.0
75 9.0  9.0
