0 [0.02, 1.03] [0.0, 1.03] [0.0, 1.27]
1 [0.05, 1.05] [0.02, 1.06] [0.13, 1.49]
2 [0.08, 1.07] [0.05, 1.08] [0.26, 1.66]
3 [0.11, 1.08] [0.08, 1.09] [0.4, 1.8]
4 [0.14, 1.09] [0.11, 1.1] [0.54, 1.92]
5 [0.17, 1.1] [0.14, 1.11] [0.68, 2.02]
6 [0.2, 1.11] [0.17, 1.12] [0.82, 2.11]
7 [0.23, 1.12] [0.2, 1.13] [0.96, 2.19]
8 [0.26, 1.13] [0.23, 1.14] [1.1, 2.26]
9 [0.29, 1.14] [0.26, 1.15] [1.24, 2.33]
10 [0.32, 1.15] [0.3, 1.16] [1.38, 2.39]
11 [0.35, 1.16] [0.34, 1.17] [1.52, 2.45]
12 [0.38, 1.17] [0.38, 1.18] [1.66, 2.51]
13 [0.41, 1.18] [0.42, 1.19] [1.8, 2.56]
14 [0.44, 1.19] [0.46, 1.2] [1.94, 2.61]
15 [0.47, 1.2] [0.5, 1.21] [2.07, 2.66]
16 [0.5, 1.21] [0.54, 1.22] [2.2, 2.7]
17 [0.53, 1.22] [0.58, 1.23] [2.33, 2.74]
18 [0.56, 1.22] [0.62, 1.24] [2.46, 2.78]
19 [0.59, 1.22] [0.66, 1.25] [2.58, 2.82]
20 [0.62, 1.22] [0.7, 1.26] [2.7, 2.86]
21 [0.65, 1.22] [0.74, 1.27] [2.82, 2.89]
22 [0.68, 1.22] [0.78, 1.28] [2.94, 2.92]
23 [0.71, 1.22] [0.82, 1.29] [3.05, 2.95]
24 [0.74, 1.22] [0.86, 1.3] [3.17, 2.98]
25 [0.77, 1.23] [0.9, 1.31] [3.29, 3.01]
26 [0.8, 1.24] [0.95, 1.32] [3.41, 3.04]
27 [0.84, 1.25] [1.0, 1.33] [3.54, 3.08]
28 [0.88, 1.26] [1.05, 1.34] [3.67, 3.12]
29 [0.93, 1.27] [1.11, 1.35] [3.81, 3.16]
30 [0.99, 1.28] [1.17, 1.36] [3.96, 3.2]
31 [1.06, 1.29] [1.24, 1.38] [4.12, 3.25]
32 [1.15, 1.31] [1.32, 1.4] [4.29, 3.31]
33 [1.26, 1.33] [1.41, 1.43] [4.47, 3.38]
34 [1.4, 1.37] [1.51, 1.46] [4.66, 3.46]
35 [1.59, 1.42] [1.64, 1.51] [4.87, 3.55]
36 [1.86, 1.51] [1.81, 1.58] [5.09, 3.65]
37 [2.23, 1.66] [2.04, 1.69] [5.32, 3.77]
38 [2.72, 1.92] [2.36, 1.88] [5.57, 3.92]
39 [3.29, 2.37] [2.77, 2.22] [5.83, 4.13]
40 [3.84, 3.02] [3.21, 2.74] [6.04, 4.44]
41 [4.32, 3.78] [3.63, 3.39] [6.11, 4.84]
42 [4.73, 4.59] [4.01, 4.11] [6.05, 5.26]
43 [5.09, 5.37] [4.38, 4.83] [5.95, 5.66]
44 [5.4, 6.02] [4.76, 5.51] [5.89, 6.01]
45 [5.62, 6.45] [5.1, 6.11] [5.9, 6.31]
46 [5.76, 6.72] [5.33, 6.56] [5.96, 6.57]
47 [5.87, 6.91] [5.48, 6.85] [6.02, 6.79]
48 [5.96, 7.07] [5.6, 7.06] [6.08, 6.99]
49 [6.04, 7.21] [5.7, 7.22] [6.13, 7.18]
50 [6.12, 7.33] [5.8, 7.36] [6.18, 7.35]
51 [6.2, 7.44] [5.89, 7.49] [6.23, 7.52]
52 [6.28, 7.55] [5.98, 7.61] [6.28, 7.68]
53 [6.35, 7.65] [6.06, 7.72] [6.33, 7.83]
54 [6.42, 7.75] [6.14, 7.83] [6.37, 7.98]
55 [6.49, 7.85] [6.22, 7.93] [6.42, 8.12]
56 [6.55, 7.95] [6.3, 8.03] [6.46, 8.26]
57 [6.61, 8.04] [6.37, 8.13] [6.51, 8.39]
58 [6.67, 8.13] [6.44, 8.22] [6.55, 8.52]
59 [6.73, 8.22] [6.51, 8.31] [6.59, 8.65]
60 [6.78, 8.3] [6.58, 8.4] [6.63, 8.77]
61 [6.83, 8.38] [6.64, 8.49] [6.67, 8.89]
62 [6.88, 8.46] [6.7, 8.58] [6.71, 9.01]
63 [6.93, 8.54] [6.76, 8.67] [6.75, 9.13]
64 [6.98, 8.62] [6.81, 8.75] [6.78, 9.24]
65 [7.02, 8.7] [6.86, 8.83] [6.82, 9.35]
66 [7.06, 8.78] [6.91, 8.91] [6.85, 9.46]
