0 0.0  0.5
1 0.0  1.0
2 0.0  1.5
3 0.0  2.0
4 0.0  2.5
5 0.0  3.0
6 0.0  3.5
7 0.5  3.5
8 0.5  4.0
9 1.0  4.0
10 1.5  4.0
11 1.5  4.5
12 2.0  4.5
13 2.0  5.0
14 2.5  5.0
15 2.5  5.5
16 2.5  6.0
17 2.5  6.0
18 2.5  6.0
19 2.5  6.0
20 2.0  6.0
21 2.0  6.0
22 1.5  6.0
23 1.5  6.0
24 1.5  6.0
25 1.5  6.0
26 1.5  6.0
27 1.5  6.0
28 1.5  6.0
29 1.5  6.5
30 1.5  6.5
31 1.5  6.5
32 1.5  6.5
33 1.5  7.0
34 1.5  6.5
35 1.5  7.0
36 1.5  6.5
37 1.5  7.0
38 1.5  6.5
39 2.0  6.5
40 2.5  6.5
41 3.0  6.5
42 3.0  7.0
43 3.5  7.0
