0 0.0  0.5
1 0.0  1.0
2 0.0  1.5
3 0.0  2.0
4 0.0  2.5
5 0.0  3.0
6 0.0  3.5
7 0.0  4.0
8 0.0  4.5
9 0.0  5.0
10 0.5  5.0
11 0.5  5.5
12 1.0  5.5
13 1.5  5.5
14 1.5  6.0
15 2.0  6.0
16 2.5  6.0
17 3.0  6.0
18 3.0  6.5
19 3.5  6.5
20 3.5  7.0
21 3.5  6.5
22 4.0  6.5
23 4.0  7.0
24 4.0  6.5
25 4.5  6.5
26 5.0  6.5
27 5.0  6.0
28 5.5  6.0
29 5.5  5.5
30 6.0  5.5
31 6.5  5.5
32 6.5  5.0
33 7.0  5.0
34 7.0  4.5
35 7.5  4.5
36 8.0  4.5
37 8.0  4.0
38 8.5  4.0
39 8.5  3.5
40 9.0  3.5
41 9.0  3.0
42 9.5  3.0
43 9.0  3.0
44 9.5  3.0
45 9.0  3.0
46 9.0  2.5
47 8.5  2.5
48 8.0  2.5
49 8.0  2.0
50 7.5  2.0
51 7.0  2.0
52 6.5  2.0
53 6.0  2.0
54 5.5  2.0
55 5.0  2.0
56 4.5  2.0
57 4.0  2.0
58 3.5  2.0
59 3.0  2.0
