0 0.5  0.0
1 1.0  0.0
2 1.0  0.5
3 1.0  1.0
4 1.0  1.5
5 1.0  2.0
6 1.0  2.5
7 1.0  3.0
8 1.0  3.5
9 1.0  4.0
10 1.5  4.0
11 1.5  4.5
12 2.0  4.5
13 2.0  4.5
14 2.0  5.0
15 2.0  5.0
16 2.0  5.5
17 2.0  6.0
18 2.0  6.5
19 1.5  6.5
20 1.5  7.0
21 1.0  7.0
22 1.0  7.0
23 1.0  7.0
24 1.0  7.0
25 1.0  7.0
26 1.0  7.0
27 1.0  6.5
28 1.5  6.5
29 2.0  6.5
30 2.0  6.0
31 2.5  6.0
32 2.0  6.0
33 2.5  6.0
34 2.5  5.5
35 2.5  5.0
36 2.5  4.5
37 3.0  4.5
38 3.0  4.0
39 3.0  3.5
40 3.0  3.0
41 3.0  2.5
42 3.0  2.0
