0 0.0  0.5
1 0.0  1.0
2 0.0  1.5
3 0.0  2.0
4 0.0  2.5
5 0.0  3.0
6 0.5  3.0
7 0.5  3.5
8 1.0  3.5
9 1.0  4.0
10 1.5  4.0
11 1.5  4.5
12 1.5  5.0
13 2.0  5.0
14 1.5  5.0
15 2.0  5.0
16 1.5  5.0
17 1.5  5.5
18 1.5  6.0
19 1.5  6.5
20 1.0  6.5
21 1.5  6.5
22 1.5  7.0
23 1.0  7.0
24 1.5  7.0
25 1.0  7.0
26 1.5  7.0
27 1.0  7.0
28 1.0  7.0
29 1.5  7.0
30 1.0  7.0
31 1.5  7.0
32 2.0  7.0
33 2.5  7.0
34 3.0  7.0
35 3.5  7.0
36 4.0  7.0
37 4.5  7.0
38 5.0  7.0
39 5.5  7.0
40 6.0  7.0
41 6.5  7.0
42 7.0  7.0
43 7.0  7.5
44 7.0  8.0
45 7.0  8.5
46 7.5  8.5
47 8.0  8.5
48 8.5  8.5
49 9.0  8.5
50 9.0  9.0
