0 0.5  0.0
1 1.0  0.0
2 1.5  0.0
3 2.0  0.0
4 2.5  0.0
5 3.0  0.0
6 3.5  0.0
7 4.0  0.0
8 4.5  0.0
9 5.0  0.0
10 5.5  0.0
11 6.0  0.0
12 6.5  0.0
13 7.0  0.0
14 7.5  0.0
15 8.0  0.0
16 8.0  0.5
17 8.0  1.0
18 8.0  1.5
19 8.0  2.0
20 8.5  2.0
21 8.5  2.5
22 9.0  2.5
23 9.0  3.0
24 9.5  3.0
25 9.5  3.5
26 9.5  3.0
27 9.5  3.0
28 9.5  3.0
29 9.5  3.0
30 9.5  3.0
31 9.5  3.0
32 9.5  3.5
33 9.0  3.5
34 8.5  3.5
35 8.0  3.5
36 7.5  3.5
37 7.0  3.5
38 7.0  4.0
39 6.5  4.0
40 6.5  4.5
41 6.0  4.5
42 6.0  5.0
43 5.5  5.0
44 5.5  5.5
45 5.0  5.5
46 5.0  6.0
47 5.0  6.5
48 4.5  6.5
49 4.5  7.0
50 4.0  7.0
51 4.0  7.5
52 4.0  7.0
53 4.0  7.5
54 4.0  7.0
55 4.0  7.5
56 4.0  7.0
57 4.0  6.5
58 3.5  6.5
59 3.0  6.5
60 2.5  6.5
61 2.0  6.5
62 1.5  6.5
63 1.5  6.0
64 1.0  6.0
65 1.0  5.5
66 0.5  5.5
67 0.0  5.5
68 0.0  5.0
69 0.0  5.0
70 0.0  5.0
71 0.0  5.0
72 0.0  5.0
73 0.0  5.0
74 0.0  5.0
75 0.5  5.0
76 1.0  5.0
77 1.5  5.0
78 2.0  5.0
