0 1.0  0.0
1 1.0  1.0
2 1.0  2.0
3 1.0  3.0
4 1.0  4.0
5 1.0  5.0
6 1.0  6.0
7 1.0  7.0
8 1.0  8.0
9 1.0  8.0
10 1.0  8.0
11 1.0  8.0
12 1.0  8.0
13 1.0  8.0
14 1.0  8.0
15 1.0  8.0
16 1.0  8.0
17 1.0  8.0
18 1.0  7.0
19 1.0  6.0
20 1.0  5.0
21 2.0  5.0
22 3.0  5.0
23 4.0  5.0
24 5.0  5.0
25 5.0  4.0
26 6.0  4.0
27 6.0  3.0
28 7.0  3.0
29 7.0  2.0
30 7.0  2.0
31 7.0  2.0
32 7.0  2.0
33 7.0  2.0
34 7.0  2.0
35 7.0  2.0
36 7.0  2.0
37 7.0  2.0
38 7.0  2.0
39 6.0  2.0
40 5.0  2.0
41 4.0  2.0
42 3.0  2.0
