0 0.0  0.5
1 0.0  1.0
2 0.0  1.5
3 0.0  2.0
4 0.0  2.5
5 0.5  2.5
6 1.0  2.5
7 1.5  2.5
8 2.0  2.5
9 2.5  2.5
10 3.0  2.5
11 3.5  2.5
12 4.0  2.5
13 4.5  2.5
14 5.0  2.5
15 5.5  2.5
16 6.0  2.5
17 6.5  2.5
18 7.0  2.5
19 7.5  2.5
20 7.5  2.5
21 8.0  2.5
22 8.0  2.5
23 8.5  2.5
24 8.0  2.5
25 8.0  3.0
26 8.0  3.5
27 7.5  3.5
28 7.5  4.0
29 7.0  4.0
30 6.5  4.0
31 6.5  4.5
32 6.0  4.5
33 6.0  5.0
34 5.5  5.0
35 5.5  5.5
36 5.0  5.5
37 5.0  6.0
38 5.0  6.5
39 4.5  6.5
40 4.0  6.5
41 4.0  7.0
42 3.5  7.0
43 4.0  7.0
44 4.0  7.5
45 4.5  7.5
46 4.5  8.0
47 5.0  8.0
48 5.5  8.0
49 6.0  8.0
50 6.5  8.0
51 7.0  8.0
52 7.5  8.0
53 7.5  8.5
54 8.0  8.5
55 8.5  8.5
56 9.0  8.5
57 9.0  9.0
