0 [0.02, 1.01] [0.0, 1.01] [0.0, 1.03]
1 [0.04, 1.02] [0.0, 1.02] [0.0, 1.06]
2 [0.06, 1.03] [0.0, 1.03] [0.0, 1.09]
3 [0.08, 1.04] [0.0, 1.04] [0.0, 1.12]
4 [0.11, 1.05] [0.0, 1.05] [0.0, 1.15]
5 [0.14, 1.06] [0.0, 1.06] [0.0, 1.17]
6 [0.17, 1.07] [-0.0, 1.07] [0.0, 1.19]
7 [0.21, 1.08] [-0.0, 1.08] [0.0, 1.21]
8 [0.25, 1.09] [-0.0, 1.08] [0.0, 1.23]
9 [0.29, 1.1] [-0.0, 1.07] [0.0, 1.25]
10 [0.34, 1.11] [-0.0, 1.06] [0.0, 1.27]
11 [0.4, 1.12] [-0.0, 1.05] [0.0, 1.28]
12 [0.47, 1.13] [0.0, 1.04] [0.0, 1.29]
13 [0.55, 1.14] [0.0, 1.03] [0.0, 1.3]
14 [0.64, 1.15] [0.0, 1.02] [0.0, 1.31]
15 [0.73, 1.17] [0.0, 1.01] [-0.0, 1.32]
16 [0.82, 1.19] [0.0, 1.0] [-0.0, 1.33]
17 [0.91, 1.22] [-0.0, 0.99] [0.0, 1.34]
18 [0.99, 1.25] [-0.0, 0.98] [0.0, 1.35]
19 [1.06, 1.28] [-0.0, 0.97] [0.01, 1.36]
20 [1.12, 1.32] [-0.0, 0.96] [0.02, 1.36]
21 [1.18, 1.36] [-0.0, 0.95] [0.03, 1.36]
22 [1.23, 1.4] [-0.0, 0.94] [0.04, 1.36]
23 [1.28, 1.44] [-0.0, 0.93] [0.05, 1.36]
24 [1.33, 1.48] [-0.0, 0.91] [0.06, 1.36]
25 [1.39, 1.52] [-0.0, 0.89] [0.08, 1.36]
26 [1.46, 1.56] [-0.0, 0.87] [0.1, 1.37]
27 [1.53, 1.6] [-0.0, 0.84] [0.13, 1.38]
28 [1.61, 1.64] [-0.0, 0.81] [0.16, 1.39]
29 [1.7, 1.68] [-0.0, 0.79] [0.19, 1.4]
30 [1.79, 1.72] [-0.0, 0.78] [0.23, 1.41]
31 [1.89, 1.76] [-0.0, 0.78] [0.27, 1.42]
32 [2.0, 1.8] [-0.0, 0.8] [0.32, 1.43]
33 [2.12, 1.84] [-0.0, 0.83] [0.38, 1.44]
34 [2.25, 1.88] [-0.0, 0.87] [0.44, 1.45]
35 [2.39, 1.92] [-0.0, 0.92] [0.51, 1.46]
36 [2.55, 1.97] [0.01, 0.99] [0.6, 1.47]
37 [2.72, 2.04] [0.03, 1.11] [0.71, 1.48]
38 [2.9, 2.14] [0.07, 1.33] [0.86, 1.5]
39 [3.1, 2.26] [0.13, 1.64] [1.07, 1.54]
40 [3.32, 2.43] [0.25, 2.03] [1.38, 1.62]
41 [3.56, 2.69] [0.47, 2.48] [1.81, 1.79]
42 [3.85, 2.98] [0.78, 2.89] [2.28, 2.02]
43 [4.1, 3.23] [1.13, 3.21] [2.73, 2.23]
44 [4.18, 3.41] [1.35, 3.5] [3.11, 2.5]
45 [4.27, 3.57] [1.41, 3.75] [3.3, 2.94]
46 [4.42, 3.82] [1.59, 4.08] [3.4, 3.53]
47 [4.66, 4.21] [2.01, 4.34] [3.54, 4.21]
48 [4.83, 4.58] [2.47, 4.54] [3.84, 4.87]
49 [4.92, 4.85] [2.84, 4.78] [3.93, 5.54]
50 [5.11, 5.15] [3.24, 4.98] [4.12, 6.17]
51 [5.24, 5.39] [3.61, 5.19] [4.28, 6.76]
52 [5.39, 5.6] [3.94, 5.41] [4.25, 7.28]
53 [5.52, 5.81] [4.26, 5.65] [4.17, 7.79]
54 [5.58, 5.97] [4.47, 5.84] [4.75, 8.2]
55 [5.74, 6.15] [4.63, 6.1] [4.44, 7.98]
56 [5.75, 6.29] [4.8, 6.23] [5.09, 8.29]
57 [5.87, 6.46] [4.93, 6.45] [4.96, 7.98]
58 [5.93, 6.63] [5.11, 6.6] [4.79, 8.39]
59 [5.94, 6.74] [5.24, 6.69] [5.51, 8.63]
60 [6.05, 6.91] [5.37, 6.88] [5.52, 8.34]
61 [6.13, 7.07] [5.49, 7.04] [5.37, 8.12]
62 [6.22, 7.2] [5.6, 7.15] [5.52, 8.4]
63 [6.28, 7.34] [5.73, 7.29] [5.44, 8.75]
64 [6.29, 7.45] [5.85, 7.38] [6.06, 9.04]
65 [6.35, 7.61] [6.01, 7.55] [6.15, 8.78]
66 [6.43, 7.75] [6.1, 7.68] [6.14, 8.59]
67 [6.5, 7.86] [6.17, 7.79] [6.0, 8.55]
68 [6.58, 7.96] [6.24, 7.88] [6.11, 8.73]
69 [6.64, 8.07] [6.33, 7.99] [6.14, 8.96]
70 [6.69, 8.17] [6.44, 8.1] [6.28, 9.27]
71 [6.72, 8.27] [6.57, 8.21] [6.09, 9.6]
72 [6.73, 8.34] [6.66, 8.26] [6.86, 9.72]
73 [6.77, 8.47] [6.84, 8.41] [7.0, 9.5]
74 [6.82, 8.58] [6.93, 8.52] [7.05, 9.32]
75 [6.87, 8.67] [6.99, 8.61] [7.01, 9.19]
76 [6.92, 8.75] [7.03, 8.69] [6.91, 9.13]
77 [6.98, 8.83] [7.06, 8.77] [6.82, 9.19]
78 [7.04, 8.91] [7.11, 8.84] [6.86, 9.33]
79 [7.09, 8.99] [7.17, 8.92] [6.91, 9.5]
80 [7.14, 9.06] [7.24, 9.01] [6.96, 9.71]
81 [7.18, 9.14] [7.32, 9.1] [7.02, 9.98]
