0 0.0  0.5
1 0.0  1.0
2 0.0  1.5
3 0.0  2.0
4 0.5  2.0
5 0.5  2.5
6 0.5  3.0
7 0.5  3.5
8 0.5  4.0
9 1.0  4.0
10 1.0  4.5
11 1.5  4.5
12 2.0  4.5
13 2.0  5.0
14 2.5  5.0
15 2.5  5.0
16 2.0  5.0
17 2.0  5.0
18 2.0  5.0
19 2.0  5.0
20 2.0  5.0
21 2.0  5.5
22 2.0  6.0
23 1.5  6.0
24 1.5  6.5
25 1.5  7.0
26 1.0  7.0
27 1.0  7.0
28 1.0  7.0
29 1.0  7.0
30 1.0  7.0
31 1.5  7.0
32 1.5  6.5
33 1.5  6.5
34 2.0  6.5
35 2.0  6.5
36 2.5  6.5
37 2.5  6.0
38 2.5  6.0
39 3.0  6.0
40 3.0  6.0
41 3.5  6.0
42 3.5  6.5
43 4.0  6.5
44 4.0  7.0
45 4.5  7.0
46 5.0  7.0
47 5.5  7.0
48 5.5  7.5
49 6.0  7.5
50 6.5  7.5
51 6.5  8.0
52 7.0  8.0
53 7.0  8.5
54 7.5  8.5
55 8.0  8.5
56 8.5  8.5
57 8.5  9.0
58 9.0  9.0
