0 0.0  0.5
1 0.0  1.0
2 0.0  1.5
3 0.0  2.0
4 0.0  2.5
5 0.0  3.0
6 0.0  3.5
7 0.0  4.0
8 0.0  4.5
9 0.0  5.0
10 0.0  5.5
11 0.0  6.0
12 0.0  6.5
13 0.5  6.5
14 0.5  7.0
15 1.0  7.0
16 1.5  7.0
17 1.5  7.5
18 2.0  7.5
19 2.0  7.0
20 2.0  6.5
21 2.0  7.0
22 2.0  6.5
23 2.0  7.0
24 2.0  6.5
25 2.0  7.0
26 2.0  6.5
27 2.0  7.0
28 2.0  6.5
29 2.0  7.0
30 2.0  6.5
31 2.5  6.5
32 2.5  6.0
33 2.5  6.5
34 2.5  6.0
35 2.5  6.5
36 2.5  6.0
37 2.0  6.0
38 2.0  5.5
39 1.5  5.5
40 2.0  5.5
41 2.0  5.0
42 1.5  5.0
43 2.0  5.0
44 1.5  5.0
45 2.0  5.0
46 2.0  5.5
47 2.5  5.5
48 2.5  6.0
49 2.5  5.5
50 2.5  6.0
51 3.0  6.0
52 2.5  6.0
53 2.5  6.0
54 2.5  6.0
55 2.5  6.0
56 2.5  6.0
57 2.5  6.0
58 3.0  6.0
59 3.0  6.0
60 3.0  6.0
61 3.5  6.0
