0 0.0  0.5
1 0.0  1.0
2 0.0  1.5
3 0.0  2.0
4 0.0  2.5
5 0.0  3.0
6 0.0  3.5
7 0.0  4.0
8 0.0  4.5
9 0.0  5.0
10 0.0  5.0
11 0.0  5.0
12 0.0  5.0
13 0.0  5.0
14 0.0  5.0
15 0.0  5.0
16 0.0  5.0
17 0.0  5.0
18 0.5  5.0
19 1.0  5.0
20 1.5  5.0
21 2.0  5.0
22 2.5  5.0
23 3.0  5.0
24 3.5  5.0
25 4.0  5.0
26 4.5  5.0
27 5.0  5.0
28 5.0  4.5
29 5.5  4.5
30 5.5  4.0
31 6.0  4.0
32 6.5  4.0
33 6.5  3.5
34 7.0  3.5
35 7.5  3.5
36 8.0  3.5
37 8.5  3.5
38 9.0  3.5
39 9.5  3.5
40 9.5  3.5
41 9.5  3.5
42 9.5  3.5
43 9.5  3.5
44 9.5  3.5
45 9.5  3.5
46 9.5  3.5
47 9.5  3.5
48 9.5  3.5
49 9.5  3.5
50 9.5  3.5
51 9.5  3.5
52 9.5  3.5
53 9.5  3.5
54 9.5  3.5
55 9.5  3.5
56 9.5  3.5
57 9.5  3.5
58 9.5  3.5
59 9.5  3.5
60 9.5  3.5
61 9.0  3.5
62 8.5  3.5
63 8.0  3.5
64 7.5  3.5
65 7.5  4.0
66 7.0  4.0
67 6.5  4.0
68 6.5  4.5
69 6.0  4.5
70 5.5  4.5
71 5.5  5.0
72 5.0  5.0
73 5.0  5.5
74 5.0  6.0
75 4.5  6.0
76 4.5  6.5
77 4.0  6.5
78 4.0  7.0
79 3.5  7.0
80 4.0  7.0
81 3.5  7.0
82 4.0  7.0
83 4.0  7.5
84 4.5  7.5
85 5.0  7.5
86 5.5  7.5
87 6.0  7.5
88 6.5  7.5
89 7.0  7.5
90 7.5  7.5
91 8.0  7.5
92 8.5  7.5
93 8.5  8.0
94 8.5  8.5
95 9.0  8.5
96 9.0  9.0
