0 [0.02, 1.01] [0.0, 1.01] [0.0, 1.04]
1 [0.04, 1.02] [0.0, 1.02] [0.0, 1.08]
2 [0.06, 1.03] [0.01, 1.03] [0.0, 1.12]
3 [0.09, 1.04] [0.01, 1.04] [0.0, 1.16]
4 [0.12, 1.05] [0.01, 1.05] [0.0, 1.2]
5 [0.15, 1.06] [0.01, 1.06] [0.0, 1.23]
6 [0.19, 1.07] [0.01, 1.07] [0.0, 1.26]
7 [0.23, 1.08] [0.0, 1.08] [0.0, 1.29]
8 [0.27, 1.09] [0.0, 1.08] [0.0, 1.32]
9 [0.32, 1.1] [0.0, 1.08] [0.0, 1.35]
10 [0.37, 1.11] [0.0, 1.07] [0.0, 1.38]
11 [0.43, 1.12] [-0.0, 1.06] [0.0, 1.4]
12 [0.5, 1.13] [-0.0, 1.05] [0.0, 1.42]
13 [0.58, 1.14] [-0.0, 1.04] [0.0, 1.43]
14 [0.67, 1.15] [-0.0, 1.03] [0.0, 1.44]
15 [0.77, 1.17] [-0.0, 1.02] [0.0, 1.45]
16 [0.87, 1.19] [-0.0, 1.01] [-0.0, 1.46]
17 [0.96, 1.21] [-0.0, 1.0] [-0.0, 1.47]
18 [1.04, 1.24] [-0.0, 0.99] [0.0, 1.48]
19 [1.11, 1.27] [-0.0, 0.98] [0.01, 1.49]
20 [1.17, 1.3] [-0.0, 0.97] [0.02, 1.5]
21 [1.23, 1.33] [-0.0, 0.96] [0.03, 1.5]
22 [1.28, 1.37] [-0.0, 0.95] [0.04, 1.5]
23 [1.33, 1.41] [-0.0, 0.94] [0.05, 1.5]
24 [1.38, 1.45] [-0.0, 0.93] [0.07, 1.5]
25 [1.43, 1.49] [-0.0, 0.92] [0.09, 1.5]
26 [1.49, 1.53] [-0.0, 0.9] [0.11, 1.51]
27 [1.56, 1.57] [-0.0, 0.88] [0.14, 1.52]
28 [1.64, 1.61] [-0.0, 0.87] [0.17, 1.53]
29 [1.72, 1.65] [-0.0, 0.87] [0.2, 1.54]
30 [1.81, 1.69] [-0.0, 0.88] [0.24, 1.55]
31 [1.9, 1.72] [-0.0, 0.91] [0.28, 1.56]
32 [2.0, 1.75] [-0.0, 0.95] [0.33, 1.57]
33 [2.11, 1.78] [-0.0, 1.0] [0.38, 1.57]
34 [2.23, 1.81] [0.0, 1.05] [0.44, 1.57]
35 [2.36, 1.84] [0.01, 1.1] [0.51, 1.58]
36 [2.5, 1.88] [0.03, 1.15] [0.6, 1.59]
37 [2.66, 1.93] [0.06, 1.22] [0.71, 1.6]
38 [2.84, 2.0] [0.11, 1.35] [0.87, 1.62]
39 [3.05, 2.11] [0.2, 1.6] [1.1, 1.65]
40 [3.32, 2.29] [0.37, 2.01] [1.45, 1.71]
41 [3.63, 2.58] [0.6, 2.53] [1.92, 1.85]
42 [3.94, 2.9] [0.92, 2.96] [2.39, 2.03]
43 [4.11, 3.16] [1.22, 3.27] [2.81, 2.2]
44 [4.17, 3.34] [1.36, 3.51] [3.16, 2.45]
45 [4.25, 3.52] [1.39, 3.75] [3.37, 2.87]
46 [4.38, 3.79] [1.53, 4.1] [3.51, 3.46]
47 [4.64, 4.19] [1.91, 4.43] [3.61, 4.15]
48 [4.89, 4.63] [2.39, 4.65] [3.82, 4.85]
49 [5.04, 4.98] [2.85, 4.87] [4.07, 5.53]
50 [5.18, 5.26] [3.23, 5.12] [4.16, 6.18]
51 [5.39, 5.52] [3.6, 5.34] [4.3, 6.78]
52 [5.56, 5.73] [3.95, 5.57] [4.29, 7.32]
53 [5.68, 5.93] [4.25, 5.83] [4.21, 7.88]
54 [5.76, 6.08] [4.44, 6.01] [4.88, 8.26]
55 [5.96, 6.26] [4.6, 6.32] [4.62, 7.99]
56 [5.98, 6.39] [4.77, 6.45] [5.12, 8.47]
57 [6.11, 6.55] [4.93, 6.64] [4.86, 8.17]
58 [6.11, 6.66] [5.06, 6.74] [5.39, 8.61]
59 [6.21, 6.81] [5.18, 6.91] [5.28, 8.27]
60 [6.24, 6.94] [5.3, 7.03] [4.92, 8.53]
61 [6.24, 7.02] [5.39, 7.09] [5.71, 8.65]
62 [6.32, 7.17] [5.5, 7.24] [5.71, 8.35]
63 [6.38, 7.3] [5.6, 7.36] [5.51, 8.19]
64 [6.44, 7.41] [5.69, 7.45] [5.79, 8.44]
65 [6.49, 7.53] [5.8, 7.57] [5.52, 8.55]
66 [6.51, 7.62] [5.86, 7.65] [6.19, 8.68]
67 [6.56, 7.75] [5.98, 7.79] [6.14, 8.46]
68 [6.62, 7.86] [6.06, 7.89] [5.97, 8.5]
69 [6.68, 7.96] [6.15, 7.98] [6.2, 8.71]
70 [6.73, 8.06] [6.25, 8.09] [6.03, 8.89]
71 [6.76, 8.15] [6.33, 8.17] [6.59, 9.08]
72 [6.8, 8.26] [6.46, 8.3] [6.58, 8.86]
73 [6.85, 8.35] [6.53, 8.4] [6.43, 8.82]
74 [6.91, 8.44] [6.6, 8.48] [6.53, 9.02]
75 [6.96, 8.53] [6.68, 8.58] [6.52, 9.27]
76 [7.0, 8.61] [6.76, 8.66] [6.78, 9.62]
77 [7.03, 8.7] [6.89, 8.75] [6.48, 9.45]
78 [7.06, 8.77] [6.93, 8.81] [7.15, 9.56]
79 [7.1, 8.86] [7.05, 8.92] [7.17, 9.35]
80 [7.14, 8.94] [7.11, 9.01] [7.06, 9.25]
