0 1.0  0.0
1 2.0  0.0
2 2.0  1.0
3 3.0  1.0
4 3.0  2.0
5 4.0  2.0
6 5.0  2.0
7 5.0  3.0
8 5.0  4.0
9 5.0  5.0
10 5.0  6.0
11 5.0  7.0
12 5.0  8.0
13 6.0  8.0
14 6.0  9.0
15 6.0  9.0
16 6.0  9.0
17 6.0  9.0
18 6.0  9.0
19 6.0  9.0
20 6.0  9.0
21 6.0  9.0
22 6.0  9.0
23 5.0  9.0
24 5.0  8.0
25 5.0  7.0
26 4.0  7.0
27 4.0  6.0
28 4.0  5.0
29 4.0  4.0
30 4.0  3.0
31 4.0  2.0
32 3.0  2.0
33 2.0  2.0
34 3.0  2.0
35 3.0  1.0
36 3.0  2.0
37 3.0  1.0
38 3.0  2.0
39 3.0  1.0
40 3.0  2.0
41 3.0  1.0
42 3.0  2.0
43 4.0  2.0
44 3.0  2.0
