0 0.0  0.5
1 0.0  1.0
2 0.0  1.5
3 0.5  1.5
4 0.5  2.0
5 1.0  2.0
6 1.0  2.5
7 1.0  3.0
8 1.5  3.0
9 1.5  3.5
10 1.5  4.0
11 2.0  4.0
12 2.0  4.5
13 2.5  4.5
14 2.0  4.5
15 1.5  4.5
16 1.5  5.0
17 1.5  5.5
18 1.0  5.5
19 1.0  6.0
20 0.5  6.0
21 1.0  6.0
22 0.5  6.0
23 1.0  6.0
24 1.0  6.5
25 1.0  7.0
26 1.0  7.5
27 1.0  8.0
28 1.0  8.5
29 1.0  8.0
30 1.5  8.0
31 1.5  7.5
32 1.5  7.0
33 1.5  6.5
34 2.0  6.5
35 2.0  6.0
36 2.0  5.5
37 2.0  5.0
38 2.0  5.0
39 2.0  5.0
40 2.0  5.0
41 2.0  5.0
42 2.0  5.0
43 2.0  5.0
44 2.0  5.0
45 2.0  5.0
46 2.0  5.0
47 2.0  5.0
48 2.0  5.0
49 2.0  5.5
50 2.0  6.0
51 2.0  6.5
52 2.0  7.0
53 2.0  7.5
54 2.0  8.0
