0 1  0
1 2  0
2 3  0
3 4  0
4 5  0
5 6  0
6 7  0
7 7  0
8 7  0
9 7  0
10 7  0
11 7  0
12 7  0
13 7  0
14 7  0
15 7  0
16 7  0
17 7  0
18 7  0
19 7  1
20 7  2
21 6  2
22 5  2
23 4  2
24 3  2
25 2  2
26 1  2
27 0  2
28 0  2
29 0  2
30 0  2
31 0  2
32 0  2
33 0  2
34 0  2
35 0  2
36 0  2
37 0  2
38 0  2
39 0  2
40 0  2
41 0  2
42 0  2
43 0  2
44 0  2
45 0  2
46 0  2
47 0  2
48 0  2
49 0  2
50 0  2
51 0  2
52 0  2
53 0  2
54 0  2
55 0  2
56 0  2
57 0  2
58 0  2
59 0  2
60 0  2
61 0  2
62 0  2
63 0  2
64 0  2
65 0  2
66 0  1
67 0  0
68 0  0
69 0  0
70 0  0
71 0  0
72 0  0
73 0  0
74 0  0
75 0  0
