0 [1.0, 0.0] [0.0, -0.0] [1.0, 0.0]
1 [2.0, 0.0] [0.03, -0.0] [2.0, 0.0]
2 [3.0, 0.01] [0.29, -0.0] [3.0, 0.0]
3 [3.99, 0.07] [0.29, 0.73] [4.0, 0.02]
4 [3.69, 0.59] [1.24, 0.96] [4.3, 0.84]
5 [3.68, 0.47] [2.23, 1.06] [3.96, 0.53]
6 [3.67, 0.36] [3.23, 1.07] [3.62, 0.22]
7 [3.39, 0.37] [4.23, 1.07] [3.17, 0.71]
8 [3.26, 0.25] [5.23, 1.08] [2.7, 0.75]
9 [3.12, 0.13] [6.23, 1.09] [2.29, 0.78]
10 [2.95, 0.01] [7.23, 1.1] [1.92, 0.85]
11 [2.82, 0.01] [8.23, 1.11] [1.6, 0.86]
12 [2.71, 0.01] [9.23, 1.12] [1.31, 0.85]
13 [2.48, 0.01] [9.23, 1.13] [1.02, 1.05]
14 [2.42, 0.01] [9.23, 1.14] [0.81, 0.99]
15 [2.42, 0.01] [9.23, 1.15] [0.68, 0.87]
16 [2.45, 0.01] [9.23, 1.16] [0.62, 0.74]
17 [2.49, 0.01] [9.23, 1.17] [0.61, 0.63]
18 [2.53, 0.01] [9.23, 1.18] [0.63, 0.54]
19 [2.57, 0.01] [9.23, 1.18] [0.67, 0.48]
20 [2.6, 0.01] [9.23, 1.18] [0.71, 0.44]
21 [2.63, 0.0] [9.23, 1.18] [0.74, 0.42]
22 [2.65, 0.0] [9.23, 1.18] [0.77, 0.41]
23 [2.66, -0.0] [9.23, 1.18] [0.79, 0.4]
24 [2.67, -0.0] [9.23, 1.18] [0.81, 0.4]
25 [2.68, -0.0] [9.23, 1.18] [0.82, 0.4]
26 [2.69, -0.0] [9.23, 1.18] [0.83, 0.4]
27 [2.69, -0.0] [9.23, 1.18] [0.84, 0.4]
28 [2.69, -0.0] [9.23, 1.18] [0.85, 0.4]
29 [2.69, -0.0] [9.23, 1.18] [0.86, 0.4]
30 [2.69, -0.0] [9.23, 1.18] [0.86, 0.4]
31 [2.69, -0.0] [9.23, 1.18] [0.86, 0.4]
32 [2.69, -0.0] [9.23, 1.18] [0.86, 0.4]
33 [2.69, -0.0] [9.23, 1.18] [0.86, 0.4]
34 [2.69, -0.0] [9.23, 1.18] [0.86, 0.4]
35 [2.69, -0.0] [9.23, 1.18] [0.86, 0.4]
36 [2.69, -0.0] [9.23, 1.18] [0.86, 0.4]
37 [2.69, -0.0] [9.23, 1.18] [0.86, 0.4]
38 [2.69, -0.0] [9.23, 1.18] [0.86, 0.4]
39 [2.69, -0.0] [9.23, 1.18] [0.86, 0.4]
40 [2.69, -0.0] [9.23, 1.18] [0.86, 0.4]
41 [2.69, -0.0] [9.23, 1.18] [0.86, 0.4]
42 [2.69, -0.0] [9.23, 1.18] [0.86, 0.4]
43 [2.69, -0.0] [9.23, 1.18] [0.86, 0.4]
44 [2.69, -0.0] [9.23, 1.18] [0.86, 0.4]
45 [2.69, -0.0] [9.23, 1.18] [0.86, 0.4]
46 [2.69, -0.0] [9.23, 1.18] [0.86, 0.4]
47 [2.69, -0.0] [9.23, 1.18] [0.86, 0.4]
48 [2.69, -0.0] [9.23, 1.18] [0.86, 0.4]
49 [2.69, -0.0] [9.23, 1.18] [0.86, 0.4]
50 [2.69, -0.0] [9.23, 1.18] [0.86, 0.4]
51 [2.69, -0.0] [9.23, 1.18] [0.86, 0.4]
52 [2.69, -0.0] [9.23, 1.18] [0.86, 0.4]
53 [2.69, -0.0] [9.23, 1.18] [0.86, 0.4]
54 [2.69, -0.0] [9.23, 1.18] [0.86, 0.4]
55 [2.69, -0.0] [9.23, 1.18] [0.86, 0.4]
56 [2.69, -0.0] [9.23, 1.18] [0.86, 0.4]
57 [2.69, -0.0] [9.23, 1.18] [0.86, 0.4]
58 [2.69, -0.0] [9.23, 1.18] [0.86, 0.4]
59 [2.69, -0.0] [9.23, 1.18] [0.86, 0.4]
60 [2.69, -0.0] [9.23, 1.18] [0.86, 0.4]
61 [2.69, -0.0] [9.23, 1.18] [0.86, 0.4]
62 [2.69, -0.0] [9.23, 1.18] [0.86, 0.4]
63 [2.69, -0.0] [9.23, 1.18] [0.86, 0.4]
64 [2.69, -0.0] [9.23, 1.18] [0.86, 0.4]
65 [2.69, -0.0] [9.23, 1.18] [0.86, 0.4]
66 [2.69, -0.0] [9.23, 1.18] [0.86, 0.4]
67 [2.69, -0.0] [9.23, 1.18] [0.86, 0.4]
68 [2.69, -0.0] [9.23, 1.18] [0.86, 0.4]
69 [2.69, -0.0] [9.23, 1.18] [0.86, 0.4]
70 [2.69, -0.0] [9.23, 1.18] [0.86, 0.4]
71 [2.69, -0.0] [9.23, 1.18] [0.86, 0.4]
72 [2.69, -0.0] [9.23, 1.18] [0.86, 0.4]
73 [2.69, -0.0] [9.23, 1.18] [0.86, 0.4]
74 [2.69, -0.0] [9.23, 1.18] [0.86, 0.4]
75 [2.69, -0.0] [9.23, 1.18] [0.86, 0.4]
76 [2.69, -0.0] [9.23, 1.18] [0.86, 0.4]
77 [2.69, -0.0] [9.23, 1.18] [0.86, 0.4]
78 [2.69, -0.0] [9.23, 1.18] [0.86, 0.4]
79 [2.69, -0.0] [9.23, 1.18] [0.86, 0.4]
80 [2.69, -0.0] [9.23, 1.18] [0.86, 0.4]
81 [2.69, -0.0] [9.23, 1.18] [0.86, 0.4]
82 [2.69, -0.0] [9.23, 1.18] [0.86, 0.4]
83 [2.69, -0.0] [9.23, 1.18] [0.86, 0.4]
84 [2.69, -0.0] [9.23, 1.18] [0.86, 0.4]
85 [2.69, -0.0] [9.23, 1.18] [0.86, 0.4]
86 [2.69, -0.0] [9.23, 1.18] [0.86, 0.4]
87 [2.69, -0.0] [9.23, 1.18] [0.86, 0.4]
88 [2.69, -0.0] [9.23, 1.18] [0.86, 0.4]
89 [2.69, -0.0] [9.23, 1.18] [0.86, 0.4]
90 [2.69, -0.0] [9.23, 1.18] [0.86, 0.4]
91 [2.69, -0.0] [9.23, 1.18] [0.86, 0.4]
92 [2.69, -0.0] [9.23, 1.18] [0.86, 0.4]
93 [2.69, -0.0] [9.23, 1.18] [0.86, 0.4]
94 [2.69, -0.0] [9.23, 1.18] [0.86, 0.4]
95 [2.69, -0.0] [9.23, 1.18] [0.86, 0.4]
96 [2.69, -0.0] [9.23, 1.18] [0.86, 0.4]
97 [2.69, -0.0] [9.23, 1.18] [0.86, 0.4]
98 [2.69, -0.0] [9.23, 1.18] [0.86, 0.4]
99 [2.69, -0.0] [9.23, 1.18] [0.86, 0.4]
100 [2.69, -0.0] [9.23, 1.18] [0.86, 0.4]
101 [2.69, -0.0] [9.23, 1.18] [0.86, 0.4]
102 [2.69, -0.0] [9.23, 1.18] [0.86, 0.4]
103 [2.69, -0.0] [9.23, 1.18] [0.86, 0.4]
104 [2.69, -0.0] [9.23, 1.18] [0.86, 0.4]
105 [2.69, -0.0] [9.23, 1.18] [0.86, 0.4]
106 [2.69, -0.0] [9.23, 1.18] [0.86, 0.4]
107 [2.69, -0.0] [9.23, 1.18] [0.86, 0.4]
108 [2.69, -0.0] [9.23, 1.18] [0.86, 0.4]
109 [2.69, -0.0] [9.23, 1.18] [0.86, 0.4]
110 [2.69, -0.0] [9.23, 1.18] [0.86, 0.4]
111 [2.69, -0.0] [9.23, 1.18] [0.86, 0.4]
112 [2.69, -0.0] [9.23, 1.18] [0.86, 0.4]
113 [2.69, -0.0] [9.23, 1.18] [0.86, 0.4]
114 [2.69, -0.0] [9.23, 1.18] [0.86, 0.4]
115 [2.69, -0.0] [9.23, 1.18] [0.86, 0.4]
116 [2.69, -0.0] [9.23, 1.18] [0.86, 0.4]
