0 0.0  0.5
1 0.0  1.0
2 0.0  1.5
3 0.0  2.0
4 0.0  2.5
5 0.0  3.0
6 0.0  3.5
7 0.0  4.0
8 0.0  4.5
9 0.0  5.0
10 0.0  5.0
11 0.0  5.0
12 0.0  5.0
13 0.0  5.0
14 0.0  5.0
15 0.0  5.0
16 0.0  5.0
17 0.0  5.0
18 0.5  5.0
19 1.0  5.0
20 1.5  5.0
21 2.0  5.0
22 2.5  5.0
23 3.0  5.0
24 3.5  5.0
25 4.0  5.0
26 4.5  5.0
27 5.0  5.0
28 5.5  5.0
29 6.0  5.0
30 6.5  5.0
31 7.0  5.0
32 7.5  5.0
33 7.5  4.5
34 8.0  4.5
35 8.0  4.0
36 8.5  4.0
37 8.5  3.5
38 8.5  4.0
39 8.0  4.0
40 8.0  4.5
41 7.5  4.5
42 7.0  4.5
43 6.5  4.5
44 6.5  5.0
45 6.0  5.0
46 6.0  5.5
47 5.5  5.5
48 5.0  5.5
49 5.0  6.0
50 4.5  6.0
51 4.0  6.0
52 3.5  6.0
53 3.5  5.5
54 3.0  5.5
55 2.5  5.5
56 2.0  5.5
57 2.0  5.0
