0 0.0  1.0
1 0.0  2.0
2 1.0  2.0
3 1.0  3.0
4 1.0  4.0
5 1.0  5.0
6 1.0  6.0
7 1.0  7.0
8 1.0  8.0
9 1.0  8.0
10 1.0  8.0
11 1.0  8.0
12 1.0  8.0
13 1.0  8.0
14 1.0  8.0
15 1.0  8.0
16 1.0  8.0
17 1.0  7.0
18 2.0  7.0
19 3.0  7.0
20 3.0  6.0
21 3.0  5.0
22 4.0  5.0
23 5.0  5.0
24 6.0  5.0
25 6.0  4.0
26 6.0  3.0
27 6.0  2.0
28 7.0  2.0
29 6.0  2.0
30 7.0  2.0
31 6.0  2.0
32 7.0  2.0
33 6.0  2.0
34 7.0  2.0
35 7.0  3.0
36 7.0  2.0
37 6.0  2.0
38 7.0  2.0
39 6.0  2.0
40 7.0  2.0
41 8.0  2.0
42 8.0  3.0
43 7.0  3.0
44 7.0  3.0
45 7.0  3.0
46 7.0  3.0
47 7.0  3.0
48 7.0  3.0
49 6.0  3.0
50 7.0  3.0
51 6.0  3.0
52 7.0  3.0
53 6.0  3.0
54 7.0  3.0
55 6.0  3.0
56 7.0  3.0
57 6.0  3.0
58 7.0  3.0
59 6.0  3.0
60 7.0  3.0
61 6.0  3.0
62 7.0  3.0
63 6.0  3.0
64 7.0  3.0
