0 1.0  0.0
1 2.0  0.0
2 3.0  0.0
3 4.0  0.0
4 5.0  0.0
5 6.0  0.0
6 6.0  1.0
7 7.0  1.0
8 7.0  2.0
9 7.0  2.0
10 7.0  2.0
11 7.0  2.0
12 7.0  2.0
13 7.0  2.0
14 7.0  2.0
15 7.0  2.0
16 7.0  2.0
17 6.0  2.0
18 6.0  2.0
19 6.0  2.0
20 6.0  3.0
21 5.0  3.0
22 4.0  3.0
23 4.0  4.0
24 3.0  4.0
25 3.0  5.0
26 2.0  5.0
27 2.0  6.0
28 2.0  7.0
29 1.0  7.0
30 1.0  8.0
31 1.0  8.0
32 1.0  8.0
33 1.0  8.0
34 1.0  8.0
35 1.0  8.0
36 1.0  8.0
37 1.0  8.0
38 1.0  8.0
39 1.0  7.0
40 1.0  7.0
41 1.0  6.0
42 2.0  6.0
43 2.0  5.0
