0 0.5  0.0
1 1.0  0.0
2 1.5  0.0
3 2.0  0.0
4 2.5  0.0
5 3.0  0.0
6 3.5  0.0
7 4.0  0.0
8 4.5  0.0
9 5.0  0.0
10 5.5  0.0
11 6.0  0.0
12 6.5  0.0
13 7.0  0.0
14 7.5  0.0
15 7.5  0.5
16 8.0  0.5
17 8.5  0.5
18 8.5  1.0
19 9.0  1.0
20 9.0  1.5
21 9.5  1.5
22 9.5  2.0
23 9.5  2.5
24 9.5  3.0
25 9.5  3.5
26 9.5  4.0
27 9.0  4.0
28 8.5  4.0
29 8.0  4.0
30 8.0  4.5
31 7.5  4.5
32 7.0  4.5
33 6.5  4.5
34 6.5  5.0
35 6.5  5.5
36 6.0  5.5
37 5.5  5.5
38 5.5  6.0
39 5.0  6.0
40 5.0  6.5
41 4.5  6.5
42 4.5  7.0
43 4.0  7.0
44 4.0  7.5
45 4.0  7.0
46 3.5  7.0
47 3.5  6.5
48 3.0  6.5
49 2.5  6.5
50 2.0  6.5
51 2.0  6.0
52 1.5  6.0
53 1.0  6.0
54 0.5  6.0
55 0.5  5.5
56 0.0  5.5
57 0.0  5.0
58 0.0  5.0
59 0.0  5.0
60 0.0  5.0
61 0.0  5.0
62 0.0  5.0
63 0.0  5.0
64 0.0  5.0
65 0.0  5.0
66 0.0  5.0
67 0.0  5.5
68 0.0  5.0
69 0.0  5.0
70 0.0  5.0
71 0.0  5.0
72 0.0  5.0
73 0.0  5.0
74 0.0  5.0
75 0.0  5.0
76 0.5  5.0
77 1.0  5.0
78 1.5  5.0
79 2.0  5.0
