0 0.0  0.5
1 0.0  1.0
2 0.0  1.5
3 0.0  2.0
4 0.0  2.5
5 0.0  3.0
6 0.0  3.5
7 0.0  4.0
8 0.0  4.5
9 0.0  4.5
10 0.0  5.0
11 0.0  5.0
12 0.0  5.0
13 0.0  5.5
14 0.5  5.5
15 1.0  5.5
16 1.5  5.5
17 1.5  6.0
18 2.0  6.0
19 2.0  6.5
20 2.5  6.5
21 3.0  6.5
22 3.5  6.5
23 3.5  7.0
24 4.0  7.0
25 4.0  7.0
26 4.0  7.0
27 4.0  7.0
28 4.0  6.5
29 4.0  6.0
30 4.0  5.5
31 4.5  5.5
32 5.0  5.5
33 5.5  5.5
34 5.5  5.0
35 6.0  5.0
36 6.0  4.5
37 6.5  4.5
38 6.5  4.0
39 7.0  4.0
40 7.0  3.5
41 7.5  3.5
42 8.0  3.5
43 8.5  3.5
44 8.5  3.0
45 9.0  3.0
46 8.5  3.0
47 9.0  3.0
48 9.5  3.0
49 9.0  3.0
50 9.5  3.0
51 9.0  3.0
52 9.5  3.0
53 9.0  3.0
54 9.5  3.0
55 9.0  3.0
56 9.0  3.5
57 9.0  4.0
58 9.0  4.5
59 9.0  5.0
60 9.0  5.5
61 9.0  6.0
62 9.0  6.5
63 9.0  7.0
64 9.0  7.5
65 9.0  8.0
66 9.0  8.5
67 9.0  9.0
