0 0.0  0.5
1 0.0  1.0
2 0.0  1.5
3 0.0  2.0
4 0.0  2.5
5 0.0  3.0
6 0.0  3.5
7 0.0  4.0
8 0.0  4.5
9 0.0  5.0
10 0.0  5.5
11 0.0  6.0
12 0.0  6.5
13 0.0  7.0
14 0.0  7.5
15 0.0  8.0
16 0.5  8.0
17 1.0  8.0
18 1.5  8.0
19 2.0  8.0
20 2.0  7.5
21 2.0  7.0
22 2.0  6.5
23 2.0  6.0
24 2.0  5.5
25 2.0  5.0
26 2.0  4.5
27 2.0  4.0
28 2.0  3.5
29 2.0  3.0
30 2.0  3.5
31 2.0  3.0
32 2.0  3.5
33 2.0  4.0
34 2.0  4.5
35 2.0  5.0
36 2.0  5.5
37 2.0  5.0
38 2.0  5.5
39 2.0  6.0
40 2.0  5.5
41 2.0  6.0
42 2.0  6.5
43 2.0  6.0
44 2.0  6.5
45 2.0  6.0
46 2.0  6.5
47 2.0  6.0
48 2.0  6.5
49 2.0  7.0
50 2.0  6.5
51 2.0  7.0
52 2.0  6.5
53 2.0  7.0
54 2.0  6.5
55 2.0  7.0
56 2.0  7.5
57 2.0  7.0
58 2.0  7.5
59 2.0  7.0
60 2.0  7.5
61 2.0  8.0
62 2.0  7.5
63 2.0  8.0
64 2.0  7.5
65 2.0  8.0
66 2.0  8.5
67 2.0  8.0
68 2.0  8.5
69 2.0  9.0
70 2.0  8.5
71 2.0  9.0
72 2.0  9.5
73 2.0  9.0
74 2.0  9.5
75 2.0  9.0
76 2.0  9.5
77 2.0  9.0
78 2.0  9.5
79 2.0  9.0
80 2.0  8.5
81 2.0  9.0
82 2.0  8.5
83 2.0  9.0
84 2.0  8.5
85 2.0  9.0
86 2.0  8.5
87 2.0  8.0
88 2.0  8.5
89 2.0  8.0
90 2.0  7.5
91 2.0  7.0
92 2.0  6.5
93 2.0  6.0
94 2.0  5.5
95 2.0  6.0
96 2.0  5.5
97 2.5  5.5
98 3.0  5.5
99 3.5  5.5
100 3.5  5.0
101 3.5  5.5
102 3.5  5.0
103 3.5  4.5
104 3.5  5.0
105 3.5  4.5
106 3.5  5.0
107 3.5  4.5
108 3.5  5.0
109 4.0  5.0
110 4.0  4.5
111 4.5  4.5
112 5.0  4.5
113 5.0  5.0
114 5.0  4.5
115 5.0  5.0
116 5.0  4.5
117 5.5  4.5
118 5.5  5.0
119 5.5  4.5
120 5.5  5.0
121 5.5  4.5
122 5.5  5.0
123 5.5  4.5
124 6.0  4.5
125 6.0  5.0
126 6.0  4.5
127 6.5  4.5
128 7.0  4.5
129 7.0  4.0
130 7.5  4.0
131 8.0  4.0
132 8.0  3.5
133 8.5  3.5
134 9.0  3.5
135 9.0  3.0
136 9.5  3.0
137 9.5  3.0
138 9.5  3.0
139 9.5  3.0
140 9.5  3.5
141 9.5  3.5
142 9.5  3.5
143 9.5  4.0
144 9.5  4.0
145 9.0  4.0
146 9.0  4.5
147 9.0  5.0
148 9.0  5.5
149 9.0  6.0
150 9.0  6.5
151 9.0  7.0
152 9.0  7.5
153 9.0  8.0
154 9.0  8.5
155 9.0  9.0
